procs -----------memory---------- ---swap-- -----io---- -system-- ----cpu----
 r  b   swpd   free   buff  cache   si   so    bi    bo   in   cs us sy id wa
 1  0 114672  83420   3064  21488   17   20    35    26  196  270  7  2 91  0
 0  0 114348  82848   3064  21472  740    0   740     0  216  264  1  1 97  2
 0  0 114348  82912   3064  21532    0    0     0     0   49   89  0  0 100  0
 0  0 114348  82912   3064  21532    0    0     0     0   52   86  0  0 100  0
 0  0 114348  82788   3064  21556    0    0     0     0  898 1101  9  7 84  0
 1  0 114348  82780   3076  21616    0    0     0    72 1674 2138  7 10 83  0
 2  0 114348  82488   3076  21668    0    0     0     0 1231 1501 13 13 74  0
 1  0 114348  81984   3076  21724    0    0     0     0 1657 1934 19 14 67  0
 0  0 114348  80812   3076  21736    0    0     0     0  685  715  9 10 81  0
 2  0 114348  79136   3076  21748    0    0     0     0  653  434 24  5 72  0
 1  1 114348  79392   3084  21748    0    0    20    12  825  321 46  6 48  0
 2  0 114324  38900   3156  39408   28    0 17600     0 3468 4076 68 21  5  6
 2  0 114312  26732   3164  44876    0    0  5428     0 2196 2464 79 19  2  1
 2  0 114304  28880   3164  44900    0    0    24     0 1266 1173 86 13  1  0
 2  0 114304  29168   3164  44900    0    0     0     0  980  933 87 13  0  0
 2  0 114300  29248   3164  44904    0    0     0     0  946  778 85 15  1  0
 2  0 114292  29296   3172  44904    0    0     0   100  940  771 83 15  1  0
 2  0 114276  29296   3172  44924   36    0    56     0  909  828 85 14  1  0
 2  0 114252  28436   3176  44996   84    0   116     0 1218 1120 85 14  1  0
 6  0 114252  27756   3176  45064    0    0     0     0 1644 1592 79 18  3  0
 1  0 113744  25716   3176  45176  532    0   532     0 1637 2370 69  8 23  0
 1  0 113700  25036   3176  45140   56    0    56     0 1140 1657 40  4 56  0
 2  0 113680  25108   3176  45148   36    0    36     0 1161 1185 76 16  8  0
 2  0 113668  25000   3184  45156   32    0    32    20 1039 1046 82 14  4  0
 2  0 113648  24456   3184  45156   20    0    20     0 1190 1039 85 15  1  0
 1  0 113644  24312   3184  45160    4    0     4     0  988  925 81 17  2  0
 2  0 113632  24232   3184  45160   24    0    24     0  903  804 85 15  0  0
 2  0 113608  24168   3184  45196    0    0     0     0 1400 1431 83 15  2  0
 2  0 113424  21796   3760  45916  352    0  1568    84 2400 2087 77 18  5  0
 2  0 113412  21272   3760  46004    4    0     4     0 2580 3911 66 12 21  0
 0  0 113388  21272   3760  46004   20    0    20     0  846  998 35  3 62  0
 4  0 113388  21012   3760  46012    0    0     0     0 1137 1102 65 14 20  0
 2  0 113172  20384   3760  46020  200    0   200     0  968 1003 80 15  4  0
 1  0 113172  20264   3768  46012    0    0     0   136  846  597 83 14  3  0
 2  0 113128  20124   3768  46020   48    0    48     0 1113 1065 84 15  1  0
 2  0 113128  20092   3768  46024    0    0     0     0  865  663 88 12  1  0
 2  0 113064  19780   3768  46024  168    0   168     0  820  636 83 16  1  0
 2  0 113028  19280   3768  46056  128    0   128     0 1460 1249 82 15  3  0
 2  0 112916  19016   3768  46076   84    0    84   840 1240 1146 78 15  8  0
 2  0 112892  18876   3776  46084   56    0    56    36 1254 1173 84 14  3  0
 2  0 112836  18884   3776  46084   32    0    32     0 1197 1339 85 14  2  0
 2  0 112832  18892   3776  46084    0    0     0     0 1261 1463 83 15  1  0
 2  0 112820  18908   3776  46088   12    0    12     0  815  575 83 12  6  0
 2  0 112808  18908   3776  46088    0    0     0    36 1489 1745 88 12  1  0
 2  0 112768  18916   3784  46088   32    0    32    48 1143  734 83 16  1  0
 2  0 112736  18948   3784  46124  132    0   132     0 1553 1188 72 17 12  0
 1  0 112736  17936   3784  46228    0    0     0     0 2982 3952 71 17 13  0
 1  0 112644  15636   3784  46236   52    0    52     0 1076 1589 51  4 45  0
 2  0 112628  15016   3784  46240    4    0     4     0 1055 1365 74 14 12  0
 1  0 112544  14900   3784  46252   88    0    88     0 1177 1442 83 14  2  0
 2  0 112376  14524   3792  46268  232    0   232    28  915  799 86 12  2  0
 2  0 112372  14320   3792  46272    0    0     0     0  860  783 85 15  1  0
 2  0 112372  14256   3792  46280    0    0     0     0  842  763 88 11  1  0
 2  0 112340  14036   3792  46280   40    0    40     4 1058 1020 87 13  1  0
 2  0 112328  14068   3792  46288   28    0    28     0 1026  888 86 14  1  0
 2  0 112328  14004   3800  46296    0    0     0    32 1174 1114 80 17  3  0
 3  0 112328  13384   3800  46316    0    0     0     0 1024  807 82 16  2  0
 3  0 112284  13228   3800  46344   96    0    96     0 1352 1065 83 14  3  0
 2  0 112276  13104   3800  46348   12    0    12     0  906  704 86 12  1  0
 2  0 112268  12736   3800  46400   12    0    12     0 1396 1312 82 14  4  0
 1  0 112200  10148   3808  46504  120    0   120    28 1750 2539 62  7 31  0
 2  0 112080  10108   3808  46544  180    0   180     0 1139 1554 69  8 23  0
 2  0 112036  10132   3808  46572  100    0   100     0 1406 1677 87 11  2  0
 2  0 111896   9884   3808  46572  208    0   208     4 1006  860 85 13  1  0
 2  0 111896   9884   3808  46572    0    0     0     0 1063  950 85 14  1  0
 2  0 111580   7816   3816  46648  404    0   404    32 1856 1700 79 15  6  1
 2  0 111696   8616   3036  46532   20  140    20   144 2221 2474 72 16 13  0
 2  0 111644   8860   3036  46536   96    0    96     0  899  767 85 13  2  0
 2  0 111644   9484   3036  46548    0    0     0   672 1331 1253 85 15  1  0
 2  0 111624   9532   3036  46556    0    0     0     0 1240 1247 86 12  2  0
 2  0 111608   9596   3044  46552   64    0    64    40 1059 1121 83 16  2  0
 2  0 111608   9536   3044  46560    0    0     0     0 1081 1071 80 15  6  0
 2  0 111556   9536   3044  46564   64    0    64     0  895  735 86 12  2  0
 2  0 111540   9568   3044  46564   20    0    20     4  899  689 85 14  2  0
 2  0 111512   9464   3044  46616    0    0     0     0 1626 1363 81 17  1  0
 1  0 112384   8480   2832  45640  424 1244   424  1244 2197 4290 55  7 36  2
 2  0 112168   8652   2832  45744  248    0   324     0 1435 2293 68 10 22  0
 1  0 112100   8944   2840  45748   44    0    44    56  858  655 81 15  4  0
 2  0 112028   8724   2840  45752   64    0    64     0  880  679 86 11  3  0
 2  0 111884   8628   2840  45760  152    0   152     0  888  699 84 14  2  0
 2  0 111776   8344   2840  45768  156    0   156     0 1053  750 82 16  2  0
 2  0 111768   8312   2840  45768    0    0     0     0 1044 1138 87 12  0  0
 2  0 111756   7472   2848  45764    0    0     0    28 1246  984 84 14  2  0
 2  0 112132   8340   2700  45092   32  404   168   404 1630 1065 81 16  1  2
 2  0 112108   8340   2700  45100   32    0    32     0 1103  768 84 14  1  0
 2  0 112076   8340   2700  45100   64    0    64     0  908  796 85 15  1  0
 3  0 112076   8024   2700  45132    0    0     0     0 1573 1288 84 15  1  0
 2  0 112320   8304   2628  44880  228  404   292   404 2644 2376 76 17  7  1
 2  0 112312   9168   2636  44888   12    0    12    28 1127 1124 83 16  2  0
 2  0 112272   9200   2636  44892    8    0     8     0  950  704 84 15  2  0
 2  0 112272   9200   2636  44892    0    0     0     0 1249 1112 85 15  1  0
 2  0 112272   9168   2636  44908    0    0     0     0 1225 1058 86 14  0  0
 1  0 111888   7836   2636  43184  648    0   784     0 1684 3000 78 14  8  0
 2  0 112576   8268   1840  42416  664 1332   664  1416 2308 4249 54  8 36  1
 2  0 112240   8072   1840  42452  452    0   452     0 1105 1433 50  4 45  0
 2  0 112132   8140   1840  42452  192    0   192     0  959  940 83 16  1  0
 3  0 112056   7984   1840  42456   80    0    80     0 1028  979 86 14  1  0
 2  0 112032   8008   1840  42460    0    0     0     0  979  964 84 15  2  0
 2  0 112004   7852   1848  42452   92    0    92    28  993  956 84 14  1  0
 2  0 111956   7852   1848  42460   36    0    36     0 1174 1181 87 12  1  0
 4  0 111812   7560   1848  42516  268    0   268     0 1704 1856 75 15 10  0
 1  0 112704   9008   1520  41464  624 1180   748  1180 3096 3921 68 14 18  1
 2  0 112356   8224   1520  41552  540    0   628     0 1089 1531 50  3 47  0
 1  0 112680   8168   1520  40520  540  736   540   804  843  636 45  6 49  0
 2  0 112620   7848   1528  40532  108    0   120    36 1151 1110 79 17  4  0
 2  0 113900   8372   1384  39956  216 1344   216  1344 1639 1019 83 15  2  0
 2  0 113860   8152   1384  40008  108    0   108     0  874  735 80 15  6  0
 2  0 115584   9080   1380  39872  204 1852   204  1852 1919  904 83 15  3  0
 2  0 117052  10000   1420  39644  248 1560   296  1568 2889 2063 74 21  4  0
 2  0 116860  10452   1440  39656  268    0   288     0 1157  969 83 15  2  1
 2  0 116856  10596   1448  39664    0    0     0    28 1364 1128 86 14  1  0
 2  0 116836  10628   1452  39676   76    0    80     0 1179  965 85 14  1  0
 2  0 116736  10504   1452  39752  216    0   288     0 1046  976 83 16  1  0
 2  0 116660  10380   1452  39752   64    0    64     0 1090 1077 84 14  1  0
 1  0 116376   9296   1452  39848  428    0   444     0 2518 3214 71 16 13  0
 1  0 117416   8464   1420  39688  564 1336   680  1336 1622 2383 50  5 45  0
 2  0 117240   8480   1428  39684  252    0   252    24  943  994 76 10 13  0
 2  0 117140   7888   1428  39688  100    0   100     0 1015  709 81 17  3  0
 2  0 117100   7888   1428  39688   64    0    64     4  886  646 86 13  1  0
 2  0 117008   7764   1428  39736   44    0    44     0  874  736 84 15  1  0
 2  0 117008   7764   1428  39688    0    0     0     0  912  828 85 14  1  0
 2  0 116952   7764   1436  39680   32    0    32    32  832  717 85 15  1  0
 2  0 116916   7700   1444  39692   80    0    88     0 1078 1349 83 15  2  0
 2  0 116912   7452   1444  39696   32    0    32   576  905  661 85 14  2  0
 2  0 116836   7452   1444  39696  128    0   128     0  964  928 84 15  1  0
 2  0 117724   8412   1444  39060  144  952   144   952 1093  663 85 15  1  0
 2  0 117712   8288   1444  39060    8    0     8     0  876  711 86 13  2  0
 2  0 118896   8372   1436  39052  832 1604   912  1632 2856 4345 76 13 11  1
 1  0 118544   8648   1436  39088  432    0   432     0 1274 2685 54  3 43  0
 4  0 118044   7336   1440  39056  764   40   768    40 1269 1940 47  4 49  0
 0  0 119628   7972   1432  39032  360 1800   500  1800 1222 1437 15  9 71  5
 2  0 121288   8588   1432  38472   88 1724    88  1724 1905  957 53  9 35  2
 2  0 121280   8836   1440  38468   32    0    32    32 1009  897 82 17  2  0
 3  0 121244   8696   1440  38540  116    0   116     8 2114 1932 78 17  6  0
 2  0 121096   9160   1440  38632  148    0   148     0 2329 2026 78 14  8  0
 2  0 121088   8980   1440  38864   12    0   244     0 1032  727 85 14  1  0
 2  0 120984   9016   1440  38888  152    0   152     0 1797 2345 78 13  9  0
 1  0 120792   8452   1440  38968  312    0   312     0 1861 3541 34  7 58  0
 1  0 120460   8012   1448  38980  348    0   348    76  917  763 50 13 38  0
 1  0 120436   7700   1448  38980    0    0     0     0  968  607 83 16  1  0
 2  0 121584   8652   1444  38920  144 1224   312  1224 4942 1064 81 17  2  1
 2  0 121484   8636   1444  38948   64    0    64     0 1637 1144 82 16  3  0
 2  0 121252   8248   1444  39120  248    0   380     0 1519 1198 78 14  8  0
 2  0 121236   7536   1452  39176   32    0    32    28 1465 1356 82 16  1  0
 3  0 122604   8368   1448  39212 1024 1936  1060  1936 2042 2391 44  8 48  1
 2  0 122584   8816   1448  39232    0    0     0     0  972  645 53 10 37  0
 1  0 122488   8784   1448  39232  116    0   116     0  933  766 84 15  1  0
 2  0 122028   8132   1448  39264  712    0   712     0 1431 1078 79 14  7  1
 2  0 121848   7696   1456  39268  204    0   204    52 1304 1257 83 14  3  0
 2  0 123536   8640   1456  39296  260 1848   260  1848 2455 1972 79 19  3  0
 1  0 123308   8052   1456  39404  352    0   352     0 2365 2159 75 15  9  0
 3  0 123248   7744   1456  39424   76    0    76     0 1350 1248 80 15  5  0
 2  0 123212   7524   1456  39448    0    0     0     0 1105 1152 84 13  3  0
 2  0 123208   7520   1456  39464    0    0     0  1008 1540 1368 79 19  1  0
 2  0 123116   7616   1464  39480  132    0   132    44  979  803 84 15  2  0
 4  1 124736   8252   1464  39444  352 1784   352  1784 3245 2030 82 16  1  1
 2  0 125060   8780   1464  39484  864  736   864   972 2331 2047 58  8 33  0
 2  0 124908   8588   1464  39496  224    0   224     0 1143 1135 83 14  4  0
 3  0 124788   8464   1464  39508   80    0    80     0 1432 1001 80 14  6  0
 2  0 126576   8004   1460  39516  160 1880   168  1880 3303 2703 69 17 15  0
 3  0 126544   9252   1468  39520   68    0    68    56 1048  868 79 18  4  0
 2  0 126360   9308   1468  39524  224    0   224     0  980 1044 82 15  3  0
 3  0 125996   8288   1468  39900  532    0   532     0 1593 4510 83 13  4  0
 2  0 125996   8324   1468  39880    0    0     0     0  919  876 86 13  1  0
 2  0 125980   8548   1468  39884   52    0    52     0  976  998 84 15  1  0
 2  0 125972   8612   1476  39884   28    0    28    44 1068  944 84 15  1  0
 2  0 125948   7824   1476  39868   64    0    64     0 1549 1852 81 14  6  0
 2  0 131664   9708   1468  39124  468 5928   536  5928 1718 1653 56  9 32  3
 2  0 131552   9144   1468  39144  256    0   256     0 1240  973 83 16  1  0
 2  0 131548   9020   1468  39172    0    0     0     0 1645 1395 78 20  1  0
 2  0 131548   9020   1476  39164    0    0     0    28 1024  921 84 16  1  0
 2  0 131544   9020   1476  39172    0    0     0     0 1049  811 84 15  1  0
 1  0 133732  11876   1464  38928  464 2388   464  2388 2402 3517 71 15 14  0
 2  0 134360  16256   1460  38772  552 1004   552  1004 1846 1666 52  7 41  0
 2  0 134260  14416   1460  38784  176    0   176     0 1094  797 79 15  6  0
 2  0 134240  14352   1460  38784    0    0     0     0 1010  576 84 16  1  0
 3  0 133996  13992   1460  38760  392    0   392     0 1002  805 84 13  2  0
 2  0 133776  13260   1468  38904  504    0   620    32  961  762 84 15  1  0
 2  0 133484  11796   1468  38988  632    0   632     0 2264 2853 79 16  5  0
 2  0 134184  11836   1468  39024  724  992   724   992 1886 1723 57  9 34  0
 2  0 134124  12688   1468  39036   96    0    96     0  948  506 49  9 41  0
 2  0 134092  12784   1468  39036  100    0   100     0  973  761 85 13  2  0
 3  0 133980  12332   1468  39052  248    0   248     0 1297 1165 83 15  2  1
 3  0 133964  11984   1476  39112    0    0     0    20 1674 1734 83 15  3  0
 1  0 133792  10708   1476  39232  324    0   324     0 2324 3271 64 15 20  0
 1  0 133736  11380   1476  39248   72    0    72     0  768  868 16  5 79  0
 3  0 133736  11716   1476  39252    0    0     0   216  943  743 82 18  1  0
 3  0 133708  11240   1476  39268   64    0    64     0 1148  966 82 17  2  0
 2  0 133692  11052   1484  39280   64    0    64    32 1162  883 81 18  1  0
 2  0 133644  10988   1484  39288  128    0   128     0 1220  918 84 14  2  0
 2  0 133640  10764   1484  39332   32    0    32     0 1578 1349 79 18  4  0
 3  0 133632  10648   1484  39348   32    0    32    40 1325 1043 82 18  0  0
 2  0 133368   9960   1484  39508  580    0   580     0 2631 3126 77 13 10  0
 2  0 133296  10060   1492  39468   24    0    24    40  960  864 82 13  6  0
 2  0 133296   9936   1492  39476    0    0     0     0 1139  797 85 14  1  0
 2  0 133296   9936   1492  39476    0    0     0     0 1107  581 83 17  1  0
 4  0 133276   9904   1492  39476    0    0     0  1216 1025  707 78 14  8  0
 2  0 133204   9968   1492  39532  220    0   220     0 1477 1360 79 16  4  0
 2  0 132892   8488   1492  39664  516    0   516     0 2432 2796 76 16  8  0
 2  0 132756   8848   1492  39696  288    0   288     0 1285 1898 68  7 24  0
 2  0 132736   8500   1492  39732   32    0    32     0 1453 1266 81 16  4  0
 2  0 132736   8312   1500  39732    0    0     0    40  959  718 87 13  1  0
 2  1 133580   8384   1492  39732  100  908   100   908 2070 1679 83 15  1  0
 2  0 134640  10080   1488  39324  608 1332   608  1340 3058 1739 83 14  3  0
 1  0 134480   9672   1488  39400  236    0   236     0 1959 1970 81 16  3  0
 2  0 134452   9556   1488  39400   72    0    72     0 1132  949 83 16  1  0
 2  0 134444   9432   1488  39408    0    0     0     0 1221  890 85 13  3  0
 1  0 133856   8256   1496  39512 1072    0  1072    36 2452 3885 76 13 11  1
 1  0 135232   9812   1480  39104  324 1644   324  1644 1700 1776 31  8 61  0
 2  0 135232   9876   1480  39104    0    0     0     0  869  798 73 14 13  0
 2  0 135104   9752   1480  39136  156    0   156     0 1530 1377 85 13  3  0
 2  0 135076   9388   1480  39172   40    0    40     0 1341 1131 80 16  4  0
 1  0 135016   9168   1488  39272   64    0   148    52 1227  990 84 14  3  0
 2  0 134980   9136   1488  39272   76    0    76     0 1016  942 84 15  1  0
 2  0 134952   9104   1488  39280   16    0    16     0 1255  998 84 15  2  0
 2  0 136660   9920   1476  37952 1952 2860  2816  2932 4236 3898 75 14 10  1
 1  0 136620  11244   1476  37956   72    0    76     0  877  679 84 15  1  0
 2  0 136572  11244   1484  37964  148    0   148    68  871  802 82 12  6  0
 2  0 136520  11244   1484  37968   36    0    36     0  860  805 85 14  1  0
 2  0 136488  11316   1484  37972   40    0    40     0  930  745 88 12  0  0
 2  0 136332  11068   1484  37980  336    0   336     0 1351  900 79 18  4  0
 2  0 136228  10820   1484  37980  164    0   164     0 1071  849 84 13  2  0
 1  0 136032   8364   1484  38152  304    0   352     0 2107 4189 61  8 30  0
 1  0 135896   8924   1492  38168  312    0   312    28 1422 1769 49  6 45  0
 2  0 135880   8540   1492  38168    0    0     0     0  894  508 66 14 21  0
 3  1 136676   8064   1492  38016   96  864    96   864 2086  989 80 17  3  0
 2  0 138388   8588   1484  37920  660 2220   992  2220 2207 1676 79 17  3  0
 2  0 138336   8216   1484  38128   92    0   272     0  972  824 82 14  4  0
 2  0 138320   8216   1492  38120    8    0     8    28 1124  784 85 15  1  0
 5  0 141104  10004   1492  37620 2568 4092  3236  4664 4938 2968 75 22  3  2
 2  0 140956   9888   1492  37712  252    0   280     0 1166 1168 78 16  6  0
 2  0 140888   9720   1492  37756  172    0   172     0 1419 1210 83 16  2  0
 3  0 142428   8756   1492  37420 1356 2268  1360  2268 3028 4368 70 12 16  2
 2  0 142280   9348   1492  37500  364    0   364     0  987 1216 48  9 43  0
 2  0 142268   9128   1500  37564   24    0    24    48 1448 1254 78 20  2  0
 1  1 142244   8908   1500  37540   92    0    92     0 1488 1087 86 12  2  0
 1  2 144008   9468   1492  36400  816 2128   944  2472 3233 2517 72 17  9  1
 1  0 144400  10300   1488  36384  412  640   564   640 1193  833 62  6 31  1
 2  0 144260  10080   1488  36392  448    0   448     0 1128  753 80 17  4  0
 3  0 144220   9908   1496  36404   88    0    88    48 1484 1187 81 17  1  0
 2  0 144164   9768   1496  36512   88    0    88     0 2000 1824 81 16  3  0
 2  0 144096   9520   1496  36512  120    0   120     0  929  747 86 14  1  0
 2  0 143836   8844   1496  36604  468    0   496     0 2109 2050 76 21  3  0
 2  0 145004   8708   1496  36640  324 1336   548  1336 2631 2082 77 16  7  1
 2  0 144900   9348   1504  36640  176    0   176    32 1127  891 84 15  2  0
 2  0 144828   9380   1504  36648   80    0    80     0 1122  648 82 16  1  0
 2  0 144732   9380   1504  36616  128    0   128     0  917  559 84 12  4  0
 2  0 144668   9256   1504  36652   16    0    16     0 1296 1341 80 17  3  0
 4  0 144596   8304   1504  36756  116    0   116     0 2512 2333 78 20  3  0
 2  1 144492   8484   1504  36480  368  112   368   112 2002 1507 75 13  8  4
 2  0 144588   9004   1504  36308   96  116    96   116 1369  784 81 16  3  0
 2  0 144388   8756   1504  36308  280    0   280     0 1301  860 84 15  1  0
 4  0 144212   8556   1512  36340  284    0   284    28 1651 1332 81 16  2  0
 2  1 144116   8468   1512  36028  400  236   400   236 1726  803 85 12  4  0
 3  0 145996  10020   1504  35144  588 2232   672  2232 5228 2344 76 18  2  4
 2  0 145700  10456   1504  35192  416    0   416     0 1659 2515 76 11 12  0
 3  0 145512   9896   1504  35204  356    0   356     0 1196  977 82 13  4  0
 2  0 145364   9348   1512  35224  328    0   328    28 1583 1111 76 15  9  0
 2  0 145360   9268   1512  35256    0    0     0     0 1432 1148 83 15  2  0
 4  0 145336   9220   1512  35296   44    0    44     0 1536 1116 82 16  2  0
 2  0 146888   9336   1512  34672  860 1928   872  1928 3728 2258 78 16  5  1
 3  0 146752  10120   1512  34744  264    0   264     0  900  618 84 15  1  0
 2  0 146660   9936   1520  34864  116    0   188    32 1328 1221 80 16  3  0
 5  0 146568   9712   1520  34912  236    0   236     0 1236  803 74 13 13  0
 2  0 146408   9536   1520  34948  204    0   204     0 1635 1466 81 15  5  0
 2  0 146308   9272   1520  34992  156    0   156     0  956  699 85 14  1  0
 2  0 146308   9288   1520  34948    0    0     0    20 1123  778 86 14  0  0
 3  2 144920   7792   1520  34868 1884    0  1884     0 1564 1232 83 14  2  0
 2  0 147316  10424   1364  33412  540 2848   560  3832 4636 2187 80 18  1  2
 1  0 148860  11244   1144  33224  860 1928   876  1928 3129 2383 76 18  6  0
 2  0 148612  11636   1144  33204  432    0   432     0 1114 1240 76 12 12  0
 3  0 148612  11876   1144  33272    0    0    40     0  929  659 80 18  2  0
 2  0 148244  11256   1144  33284  856    0   856     0 1401 1027 83 14  4  0
 4  0 148076  11132   1152  33344  144    0   200   220 1063  856 82 17  1  0
 1  0 151188  10908    908  33392 2504 4400  3148  4704 5666 5076 68 19 12  2
 1  0 150528   9956    908  33588  792    0   960     0 1031 1450 49  2 48  0
 1  0 149992   9616    908  33596  780    0   780     0  987 1443 41  2 56  0
 1  0 149976  11232    908  33596   32    0    32     0  575  388 21  3 75  0
 2  0 149940  11500    916  33560   56    0    56    60 1067  981 84 13  3  0
 2  0 149880  11404    916  33604   48    0    48     0 1011  849 84 15  2  0
 2  0 149844  11248    916  33612   32    0    32     0  938  701 81 16  3  0
 2  0 149672  11092    916  33640  160    0   160     0 1257 1153 81 14  4  0
 2  0 149620  10664    916  33652   92    0    92     0 1123 1041 82 14  5  0
 2  0 149572  10600    916  33656   60    0    60     0  843  590 83 17  1  0
 2  0 149552  10444    924  33648   16    0    16    28 1005  562 83 14  3  0
 2  0 149500  10412    924  33660  104    0   104     0 1024  666 86 13  2  0
 2  0 149440  10288    924  33668   20    0    20     0  907  657 81 18  1  0
 3  0 149332  10140    924  33692   64    0    64     0 1077  899 80 14  7  0
 2  0 149296  10148    924  33700   16    0    16     0  802  475 85 14  1  0
 3  0 149048   9912    924  33752  156    0   156     0 1997 1649 78 16  6  0
 2  0 148508   8680    932  33884  752    0   752    28 2109 2666 59 11 29  0
 2  0 148476   8912    932  33860    0    0     0     0  914  716 79 12  8  0
 2  0 148432   8664    932  33864  140    0   140     0 1304  814 80 17  3  0
 2  0 148432   8632    932  33884    0    0     0     0 1234  918 82 17  1  0
 2  0 148432   8696    932  33892    0    0     0     0  975  684 87 13  1  0
 2  0 148324   8448    940  33884  184    0   184    28  793  479 83 17  0  0
 2  0 148288   8448    940  33892   48    0    48     0  903  539 86 13  1  0
 2  0 148220   8324    940  33896   68    0    68     0  869  657 84 14  1  0
 1  0 148052   8308    940  33916  132    0   132     0 1284 1082 82 16  2  0
 4  1 149736   8860    864  33400 1332 2612  1620  3048 4920 5154 64 16 19  1
 2  0 150300   9428    784  32904 1068 1348  1180  1348 2224 1911 62 10 26  1
 2  0 149528   7668    796  34032 1224    0  2356     0 1405 1155 83 16  1  0
 2  0 151012  10460    624  32580   24 1532    24  1580 3937  773 82 13  3  2
 3  0 152032  11948    608  32388  312 1192   316  1192 2071 1245 75 18  8  0
 2  0 151756  11132    608  32488  300    0   336     0 1231  941 84 14  2  0
 2  0 151716  10944    608  32568    4    0    84     0  933  609 85 15  1  0
 2  0 151496  10664    608  32568  260    0   260     0 1165  882 85 15  1  0
 2  0 152084  11224    604  32232  440  804   444   836 2603 1967 80 15  5  0
 3  0 152148   9712    564  32188  728  724   852   724 3568 3117 73 21  6  1
 1  0 151772  10120    564  32240  524    0   528   380 1019 1487 65  8 26  0
 3  0 151584   9644    564  32376  184    0   288     0 1547 1282 81 16  4  0
 2  0 151580   9488    564  32404    0    0     0     0 1107  861 85 15  1  0
 2  1 153592  15072    312  28148  280 2120   280  2272 2144 1002 78 17  3  2
 3  1 153592  18560    260  26456   96  172   100   172 1812 1102 84 14  1  1
 2  1 153592  21696    240  25016  160  104   228   224 2370 1581 81 16  1  1
 3  0 153520  22784    228  24016  268   60   268    60 1519 1071 84 13  2  2
 2  0 153492  23552    204  23556  676  568   796   568 3230 3158 65 14 11  9
 2  0 153272  23144    216  23572  324    0   328    56 1094 1165 81 10  9  0
 5  0 153120  22924    216  23616  244    0   244     0 1552 1407 82 17  2  0
 5  0 153044  22580    216  23640  120    0   120     0 1104  793 80 15  4  0
 6  0 153572  22728    216  23460  228  592   232   592 1924 1444 81 17  1  0
 1  0 153284  32380    112  17308  892  184  1140   816 3211 2361 62  9 26  3
 2  0 153128  32316    120  17784  316    0   800    64  891  600 62 13 26  0
 2  0 153084  32068    120  17792   92    0    92     0 1220  686 83 16  1  0
 3  0 152964  31880    120  17864  148    0   164     0 1765 1481 83 15  1  0
 1  0 152632  30880    120  17964  632    0   632     0 2090 2505 53 13 35  0
 2  0 152628  31364    120  17972    0    0     0     0  872  409 59 12 29  0
 2  0 152520  31200    128  18032  164    0   164    32 1380 1178 82 14  4  0
 2  0 151500  29252    128  18020 1832    0  1832     0 1636 1211 83 12  5  0
 2  0 151488  28948    128  18240    0    0   208     0  929  687 83 16  1  0
 2  0 151480  28736    264  18288   12    0   148     0 1750 1319 82 14  3  0
 3  0 151416  27380    264  18344   60    0    60     0 2222 2058 79 18  3  0
 2  1 153592  28588    256  17708  796 2636  1064  3096 3967 2393 77 16  5  1
 2  0 153448  29276    264  17672  196    0   196    60 1054 1016 85 14  1  0
 2  0 153344  30700    264  17672  216    0   216     0  982  791 80 17  3  0
 2  0 153212  30468    264  17680  272    0   272     0  865  596 79 16  5  0
 2  0 153168  30408    264  17680   72    0    72     0  947  606 84 16  1  0
 1  0 152516  29492    264  17740  880    0   884     0 1763 1935 69 12 19  1
 2  0 152164  29392    272  17812  600    0   648    28 1447 1960 58  9 32  0
 1  0 151868  29020    272  17848  372    0   372     0 1705 1802 77 17  6  0
 2  0 151844  28764    272  17876   32    0    32     0 1268  995 83 15  2  0
 2  0 151840  28640    272  17896    0    0     0     0 1308 1027 83 14  3  0
 1  0 151824  28360    272  17912   12    0    12     0 1340 1126 84 15  2  0
 1  0 151692  28152    280  16748  124    0   180    24 2530 2735 75 22  4  0
 2  0 151464  28800    280  16824  244    0   244     0 1275 1561 65  8 26  0
 2  0 151400  28628    280  16844   76    0    76     0 1436 1119 82 16  1  0
 4  0 151288  28340    280  16836  220    0   220     0 1444 1027 84 14  2  0
 2  0 150924  27068    280  17000  556    0   556     0 2413 3428 71 10 19  0
 2  0 150588  26772    288  17232  712    0   916    52 1473 1178 75 13 11  0
 2  0 150444  26548    288  17252  168    0   168     0 1351  997 84 14  1  0
 2  0 150296  26364    288  17268  192    0   192     0 1646 1044 83 15  3  0
 4  0 149900  25372    288  17372  340    0   340     0 2391 2114 79 17  5  0
 2  0 149652  25476    288  17532  224    0   312     0 1629 1513 80 16  4  0
 2  0 149596  25392    288  17532  112    0   112     0  877  590 84 15  1  0
 1  0 149316  24792    296  17560  416    0   416    24 1682 1567 76 16  9  0
 3  0 149080  24096    296  17632  240    0   240     0 2263 3930 34 10 55  0
 2  0 148940  24708    296  17644  124    0   124     0 1096  786 82 16  2  0
 3  0 148940  24708    296  17652    0    0     0     0 1122  660 82 16  3  0
 1  0 148808  23700    296  17704  172    0   172     0 2155 2212 81 16  3  0
 2  0 148624  24324    304  17744  304    0   304    24  855 1228 27  4 69  0
 3  0 148588  24108    304  17736   76    0    76     0 1436 1045 54  9 38  0
 3  0 148472  23648    304  17820   92    0    92     0 1054  632 54  9 37  0
 2  0 148304  23148    304  17824  296    0   296     0 1234 1457 80 16  3  0
 2  0 148304  23240    304  17828    0    0     0     0 1054  757 84 15  1  0
 4  0 148056  21496    304  17896  384    0   384     0 2259 2280 79 17  3  0
 2  0 147952  21440    312  17988  116    0   116    28 2370 2696 76 20  5  0
 1  0 147724  22004    312  18060  336    0   336     0  785  748 21  6 72  0
 2  0 147720  21608    316  18048   20    0    20    76  984  840 82 14  4  0
 2  0 147624  21576    316  18096   48    0    48     0  959  553 85 11  4  0
 2  0 146840  20492    316  18232 1016    0  1172     0 1422 1030 84 15  2  0
 2  0 146656  18464    324  18288  256    0   256    48 2435 2199 78 17  5  0
 1  0 146508  17848    324  18384  124    0   124     0 1981 3185 52  9 40  0
 2  0 146352  18540    324  18388  100    0   100     0  777  457 38  6 56  0
 2  0 146252  18352    324  18392   84    0    84     0  894  646 76 13 11  0
 2  0 146232  18228    324  18404   72    0    72     0 1184  790 83 14  3  0
 2  0 145896  16680    332  18452  408    0   408    28 1649 1436 78 18  4  1
 2  0 145808  16460    332  18528  116    0   116     0 1950 1617 77 17  5  0
 2  0 145700  16388    332  18536  108    0   108  1336  846  725 82 15  3  1
 3  0 145688  16388    332  18540    0    0     0     0 1174  680 85 15  0  0
 0  0 145412  15168    332  18640  348    0   348     0 1827 4010 46 10 44  0
 0  0 145332  15076    340  18640   72    0    72    40  441  416 12  2 86  0
 2  0 145332  15476    340  18644    0    0     0     0  957  875 69 14 17  0
 2  0 145224  15304    340  18676  112    0   112     0 1266 1096 84 14  2  0
 2  0 145212  15244    340  18676    0    0     0     0  799  465 87 12  1  0
 2  0 145144  15084    340  18688   28    0    28     0 1128  742 85 14  2  0
 2  0 145108  14948    340  18708    8    0     8     0 1093  821 82 16  2  0
 5  0 145076  13616    348  18760   80    0    80    28 1809 1678 76 15 10  0
 0  0 144704  13564    348  18860  468    0   468     0 1520 2379 48  6 45  0
 1  0 144232  14076    348  18888  528    0   528     0  978  860 58 11 30  1
 2  0 144204  13832    348  18884    8    0     8     0  912  586 71 11 19  0
 2  0 144204  13748    348  18884    0    0     0     0  837  510 84 15  1  0
 1  0 144120  12876    356  18920   76    0    76    28 1847 3055 73 14 13  0
 0  0 143956  13276    356  19004   92    0    92     0 2190 3455 23  9 68  0
 2  0 143956  13592    356  19008    0    0     0     0  778  519 59 13 28  0
 2  0 143876  13456    356  18992  100    0   100     0 1355 1585 80 16  5  0
 1  0 143804  12716    356  19036  180    0   180     0  913  706 37  7 56  0
 2  0 143804  12588    364  19028    0    0     0    52  782  430 68 14 18  0
 2  0 143784  12524    368  19044    4    0     4    20  898  739 84 13  3  0
 2  0 143700  12400    368  19060  116    0   116     0 2328 1997 73 19  8  0
 2  0 143612  13032    368  19196   80    0    80     0 2282 2493 65 16 19  0
 2  0 143520  13804    368  19248  116    0   116     0 1801 4082 22 10 69  0
 0  0 143480  13424    368  19296   60    0    60     0 1779 2629 17 11 72  0
 1  0 143428  12896    376  19328   60    0    60   128  941 1319 17  6 77  0
 1  0 143360  12548    376  19344   48    0    48     0 1147 1707 17  7 75  0
 0  0 143348  12332    376  19428   28    0    28     0 2175 3488 18 10 72  0
 0  0 143300  12268    376  19444   36    0    36     0 1184 1075 16  6 79  0
 1  0 143128  12020    376  19460  476    0   476     0  720  660 14  6 80  0
 2  0 143128  11164    384  19460    0    0     0   656  993 1076 45  8 47  0
 3  0 142996  10848    384  19460  176    0   176     0 1496 1241 79 17  4  0
 2  0 142916  10388    384  19588   92    0    92     0 2488 2192 76 16  8  1
 0  0 142716  11660    384  19648  208    0   208     0 1468 3838 31 11 58  0
 1  0 142672  11532    384  19648    4    0     4     0  448  413 11  3 86  0
 1  0 142512  10260    384  19652  228    0   228     0  650  514 22  5 72  0
 0  0 142420  10484    392  19728  104    0   104    28 2823 4372 28 12 61  0
 0  0 142348  10680    392  19772   76    0    76     0 1155 1920 14  4 82  0
 2  0 142348  10264    392  19780    0    0     0     0 1037  548 33 10 57  0
 0  0 142260  10152    392  19828   40    0    40     0 2423 4656 59 14 27  0
 0  0 142200  10352    392  19860  148    0   148     0  707  989 13  5 82  0
 0  0 142080  10516    400  19900  100    0   100    24 1830 3371 20  9 70  0
 0  0 142020  10412    400  19916   12    0    12     0  842  977 11  4 84  0
 3  0 141984  10396    400  19988    0    0     0     0 1168 1764 18  6 76  0
 0  0 141900  10392    400  19980   64    0    64     0 1450 1943 16  8 76  0
 3  0 141816  10388    400  20016  104    0   104     0 1832 2057 22 10 69  0
 0  0 141656  10420    408  20088   72    0    72    20 1823 2234 23 10 67  0
 0  0 141608  10172    408  20088   44    0    44     0 1360 1561 20  8 72  0
 2  0 141444  10040    408  20116  144    0   144     0 1642 1804 18 11 72  0
 1  0 141416  10048    408  20116   36    0    36     0 1297 1407 18 10 72  0
 1  0 141316  10112    408  20124   88    0    88    24 1218 1230 20 10 71  0
 0  0 141304   9864    416  20168   12    0    12    44 1221 1274 17  9 73  0
 0  0 141192   9864    416  20208   84    0    84     0  887  925 17  8 75  0
 0  0 141168   9740    416  20192   28    0    28     0 1194 1248 19 13 69  0
 0  0 141000   9484    416  20204  272    0   272     0  902  969 16  6 77  0
 1  0 140940   9492    416  20196   84    0    84  1048  754  802 16  9 75  0
 1  0 140896   9384    424  20196   80    0    80    44 1022 1002 18 10 73  0
 2  0 140892   9168    424  20240    0    0     0     0  750  782 16  8 76  0
 1  0 140824   8556    424  20256  168    0   168     0  842  840 15  9 76  0
 1  0 140808   8548    424  20264   52    0    52     0  744  708 15  8 77  0
 1  0 140768   8548    424  20272   88    0    88    28  654  642 15  5 80  0
 1  0 140752   8548    432  20280    0    0     0    40  842  837 17  5 77  0
 1  0 140740   8424    432  20288    0    0     0     0  681  628 14  6 79  0
 3  0 140712   8548    432  20292   52    0    52     0  539  494 11  4 84  0
 1  0 140700   8316    432  20416   56    0   172     0  767  802 16  6 77  0
 0  0 140696   8316    432  20420    4    0     4     0  534  586 14  4 82  0
 0  0 140632   8192    440  20424   48    0    48    28  621  625 15  5 79  0
 0  0 140592   8192    440  20428    0    0     0     0  524  533 13  4 83  0
 0  0 140520   8068    440  20432  116    0   116     0  481  488 12  2 86  0
 1  0 140500   8068    440  20436   16    0    16     0  559  539 11  6 84  0
 0  0 142136  11920    432  18188   60 1720    60  1724 1541 1314 16  7 72  5
 0  0 141976  12168    440  18192  184    0   184    28  486  513 16  5 79  0
 2  0 141976  12168    440  18196    0    0     0     0  485  504 11  4 85  0
 0  0 141956  12168    440  18196   20    0    20     0  409  429 12  3 85  0
 0  0 141952  12168    440  18200    0    0     0     0  500  527 13  3 84  0
 0  0 141920  12168    440  18204    4    0     4     0  526  577 13  4 82  0
 1  0 141892  12068    448  18204   72    0    72    28  392  508 12  2 87  0
 2  0 141876  11944    448  18208   24    0    24     0  435  444 13  3 84  0
 0  0 141860  11944    448  18208   40    0    40     0  408  495 13  3 84  0
 0  0 141836  11820    448  18212   32    0    32     0  379  378 12  3 85  0
 0  0 141740  11820    448  18216  112    0   112    16  466  539 11  2 86  0
 0  0 141720  11820    448  18216    8    0     8     0  366  453 11  2 87  0
 0  0 141696  11820    456  18216   44    0    44    36  414  479 13  3 85  0
 0  0 141628  11820    456  18220   84    0    84     0  357  389 12  2 86  0
 0  0 141620  11820    456  18220    8    0     8     0  400  410 11  2 86  0
 0  0 141516  11696    456  18220  132    0   132   148  435  512 12  3 85  0
 0  0 141460  11712    456  18224   40    0    40     0  303  358 11  1 88  0
 0  0 141456  11588    464  18224    0    0     0    40  373  410 11  2 86  0
 0  0 141444  11588    464  18224    0    0     0     0  342  410 12  1 87  0
 1  0 141376  11340    464  18224  128    0   128     0  297  377 11  2 87  0
 0  0 141284  11464    464  18232   64    0    64     4  346  433 11  2 87  0
 0  0 141244  11340    464  18232    4    0     4     0  300  392 10  1 89  0
 0  0 141204  11340    472  18232   40    0    40    32  390  409 11  2 87  0
 0  0 141132  11092    472  18232   60    0    60     0  309  400 12  1 88  0
 1  0 140340   9968    472  18284 1228    0  1288     0  447  455 20  1 78  0
 0  0 138940  12232    452  16628 5004 3208  5900  3328 2467 1945 17  8 64 10
 0  0 138908  11976    452  16620   56    0    56     0  278  365 10  0 89  0
 0  0 138888  11984    460  16632   32    0    32    60  421  442 11  2 86  0
 0  0 138860  11984    460  16648   24    0    24     0  332  356 11  2 87  0
 0  0 138812  11984    460  16660   32    0    32     0  271  328 10  1 89  0
 0  0 138732  11976    460  16656   76    0    80     0  364  444 11  1 87  0
 0  0 138708  11984    460  16664   12    0    12     0  252  345  9  1 90  0
 0  0 138672  11984    468  16668   12    0    12    32  368  415 10  2 88  0
 1  0 138648  11852    468  16652   24    0    24     0  299  318 10  1 89  0
 1  0 138620  11860    468  16656   24    0    24     0  276  342 10  0 91  0
 1  0 138592  11860    468  16656   40    0    40     0  336  388 10  2 88  0
 1  0 138588  11860    468  16648    8    0     8     0  310  307  9  1 90  0
 1  0 138576  11860    468  16652   28    0    28     0  296  357 10  2 89  0
 1  0 138520  11892    476  16628   80    0    80    28  287  333  8  2 90  0
 1  0 138500  11964    476  16656    0    0     0     0  295  352  9  1 90  0
 1  0 138500  11824    476  16656    0    0     0     0  283  348 10  1 90  0
 1  0 138468  11840    476  16656   36    0    36     0  259  317  9  2 89  0
 1  0 138464  11840    476  16660    0    0     0     0  253  346  9  1 91  0
 2  0 138404  11840    476  16664   76    0    76     0  262  322  8  0 91  0
 0  0 138360  11840    484  16664    4    0     4    28  305  396 11  0 89  0
 0  0 138356  11716    484  16664    0    0     0     0  289  360 11  1 87  0
 0  0 138296  11592    484  16668   88    0    88     0  319  397 11  1 88  0
 0  0 138260  11468    484  16668   16    0    16     0  327  373 12  2 86  0
 0  0 138220  11468    484  16668   36    0    36     0  313  366 12  1 87  0
 0  0 138216  11468    492  16668    0    0     0    20  304  377 11  1 88  0
 0  0 138184  11476    492  16668   44    0    44     0  325  381 10  1 89  0
 0  0 138136  11508    492  16672   52    0    52     0  357  449 11  2 86  0
 0  0 138096  11572    492  16672   84    0    84     0  392  456 12  2 85  0
 0  0 138084  11480    492  16672   20    0    20     0  330  332 11  2 87  0
 2  0 137980  11272    500  16676   76    0    76    20  398  437 12  2 85  0
 2  0 137980  11188    500  16808    0    0   132     0  374  364 10  3 87  0
 0  2 130740   6500    500  16128 6776   32  6868   208 1941 1315 11  9 35 45
 1  1 125984   7536    332  14248 8484 3884  8692  4240 6907 3600 10 24  0 67
 1  2 116840   7128    220  11904 6960 1532  7068  1796 3417 2313  7 17 16 59
 2  0 117396  11432     96  10668 1788 3184  2564  3452 6012 2255 30 11 16 43
 1  0 117308  11444     96  10728  148    0   148     0  307  403  8  2 90  0
 1  0 117116  11232     96  10728  356    0   356     0  508  488 16  5 78  0
 2  0 117108  11384     96  10716   40    0    40     0  244  264  9  0 91  0
 0  0 117104  11920     96  10732    0    0    60     0  383  413 12  2 86  0
 0  0 117104  11956    104  10852    0    0    60    40  334  402 11  2 88  0
 0  0 117104  11788    104  10852    0    0     0     0  260  374 10  1 89  0
 0  0 117104  11868    104  10856    0    0     0     0  309  378 12  1 87  0
 0  0 117104  11900    104  10856    0    0     0     0  248  323 10  1 89  0
 0  0 117100  11932    104  10856    4    0     4     0  294  380 10  1 88  0
 1  0 117020  11656    104  11388   64    0   596     0  366  411 10  3 86  0
 0  0 117020  11532    112  11392    0    0     0    32  301  412 13  1 86  0
 1  0 117000  11532    112  11392    0    0     0     0  293  399 10  2 88  0
 0  0 117000  11716    112  11396    0    0     0     0  316  382 10  2 88  0
 0  0 116992  11820    112  11396    0    0     0     0  298  364 10  0 89  0
 0  0 116972  10952    112  11400   16    0    16     0  365  404 12  3 85  0
 0  0 116972  11032    120  11400    0    0     0    32  263  382  9  0 90  0
 0  0 116964  11020    120  11400    4    0     4     0  304  351 12  2 86  0
 0  0 116940  11156    120  11400    8    0     8     0  254  328 10  0 90  0
 0  0 116940  11392    120  11400    0    0     0     0  272  300 11  2 88  0
 1  0 116940  11348    120  11404    0    0     0     0  323  393 10  2 89  0
 0  0 116896  10440    128  11404   64    0    64    28  306  375 12  2 86  0
 0  0 116888  10440    128  11404   12    0    12     0  250  356 10  1 89  0
 0  0 116888  10556    128  11472    0    0    68     0  263  342  8  2 90  0
 1  0 116888  11012    128  11472    0    0     0     0  303  350 10  2 87  0
 1  0 116888  11192    128  11476    0    0     4     0  284  346 10  2 88  0
 0  0 116888  11048    136  11792    0    0   316    28  287  362 12  2 86  0
 2  0 116848  11304    136  11796   72    0    72     0  299  356 12  1 87  0
 0  0 116844  11292    136  11796    0    0     0     0  283  364 10  1 89  0
 0  0 116844  11464    136  11796    0    0     0     0  259  328 11  2 88  0
 0  0 116844  11524    136  11796    0    0     0     0  256  339  9  1 90  0
 0  0 116828  11636    136  11804    8    0     8     0  300  420 12  3 86  0
 0  0 116824  11708    144  11796    0    0     0    28  210  351  9  1 90  0
 0  0 116820  11700    144  11796    0    0     0     0  245  331 10  1 89  0
 0  0 116820  12364    144  11800    0    0     0     0  286  307 10  1 89  0
 0  0 116820  12616    144  11800    0    0     0    56  284  310 10  1 89  0
 0  0 116804   9632   1844  12864  240    0  3000     0  489  542  9  6 83  2
 0  0 116804   9656   1852  12856    0    0     0    64  233  305 10  0 89  0
 0  0 116804   9656   1852  12864    0    0     0     0  218  332  8  2 90  0
 0  0 116780   9664   1852  12884    4    0     4     0  197  307 10  1 89  0
 0  0 116768   9664   1852  12876    0    0     0    28  213  300  9  0 91  0
 0  0 116756   9664   1852  12976    0    0    72     0  254  359  9  2 89  0
 0  0 116756   9540   1852  12936    0    0     0     0  202  314  8  0 91  0
 0  0 116756   9548   1860  12936    0    0     0    32  215  305 11  1 89  0
 0  0 116752   9540   1860  12940    0    0     0     0  238  343 10  0 90  0
 0  0 116752   9540   1860  12936    0    0     0     4  239  321 10  2 88  0
 0  0 116748   9604   1860  12940    0    0     0     0  231  375 10  1 90  0
 0  0 116748   9604   1860  12936    0    0     0     0  224  327  9  0 90  0
 0  0 116748   9604   1868  12928    0    0     0    48  197  340  9  1 91  0
 0  0 116748   9604   1868  12936    0    0     0     0  199  282  9  0 90  0
 0  0 116744   9604   1868  12916   24    0    24     0  207  322  8  0 91  0
 0  0 116744   9588   1868  12936    0    0     0     0  211  327  8  1 91  0
 0  0 116728   9604   1868  12944    8    0     8     0  213  331 10  0 90  0
 0  0 116728   9604   1868  12936    0    0     0     0  198  309  8  1 92  0
 1  0 116724   9604   1868  12932    8    0     8     0  236  322  9  1 90  0
 1  0 116724   9604   1876  12936    0    0     0    32  227  320  9  0 91  0
 1  0 116724   9604   1876  12936    0    0     0     0  240  345  9  2 90  0
 1  0 116712   9604   1876  12948    0    0     0     0  218  283  8  1 91  0
 1  0 116704   9464   1876  12936   16    0    16     0  241  350 10  0 90  0
 3  2 120216   7960   3948  18168  736 3624 13292  3824 1780 2583  6 10 67 18
MEDIA
NR:  568 CPU:  67.3216
