8 2
0.1176 0.595 0.0 0.0 0.0 0.2921 0.3219 0.85 -1 1
0.4706 0.37 0.5738 0.4 0.0579 0.5261 0.2677 0.3 -1 1
0.2353 0.585 0.5082 0.12 0.0 0.4426 0.129 0.15 -1 1
0.1765 0.865 0.6721 0.48 0.5496 0.5723 0.8792 0.0667 1 -1
0.7647 0.76 0.7377 0.33 0.0343 0.3994 0.2788 0.3667 1 -1
0.3529 0.48 0.0 0.0 0.0 0.3532 0.0478 0.1167 -1 1
0.0588 0.45 0.5574 0.08 0.0 0.3651 0.4526 0.25 -1 1
0.2941 0.545 0.5082 0.41 0.1525 0.5335 0.1862 0.0667 -1 1
0.2353 0.77 0.5082 0.31 0.3357 0.4888 0.0679 0.0333 -1 1
0.4706 0.55 0.623 0.0 0.0 0.4143 0.0679 0.6167 -1 1
0.1765 0.62 0.6557 0.33 0.1537 0.4948 0.0969 0.0833 -1 1
0.4706 0.525 0.8197 0.36 0.0 0.6453 0.0687 0.4 -1 1
0.2353 0.71 0.7049 0.0 0.0 0.6557 0.2421 0.0167 1 -1
0.0588 0.44 0.2459 0.42 0.117 0.8197 0.1785 0.0833 -1 1
0.5882 0.645 0.623 0.28 0.1442 0.535 0.0863 0.3 -1 1
0.3529 0.4 0.6557 0.36 0.0 0.5931 0.0423 0.1167 -1 1
0.4118 0.53 0.4918 0.24 0.0 0.3949 0.0931 0.1333 -1 1
0.4706 0.62 0.623 0.24 0.7092 0.4277 0.26 0.5167 -1 1
0.0588 0.5 0.541 0.15 0.0662 0.3517 0.2511 0.0833 -1 1
0.5882 0.61 0.6393 0.31 0.0 0.4113 0.1853 0.4 -1 1
0.1765 0.865 0.6393 0.39 0.2187 0.5037 0.3809 0.1667 1 -1
0.1176 0.785 0.6066 0.35 0.5201 0.5872 0.0239 0.15 -1 1
0.0588 0.365 0.4098 0.1 0.0 0.3428 0.0726 0.0 -1 1
0.5294 0.62 0.5738 0.33 0.4752 0.5276 0.0871 0.2167 -1 1
0.2353 0.73 0.6393 0.0 0.0 0.5738 0.1887 0.7667 -1 1
0.6471 0.69 0.6066 0.26 0.1702 0.538 0.2045 0.4833 1 -1
0.5294 0.825 0.7213 0.0 0.0 0.4531 0.0956 0.4667 1 -1
0.0588 0.72 0.6721 0.4 0.0 0.6155 0.2259 0.1167 -1 1
0.4118 0.51 0.6066 0.4 0.1241 0.5544 0.0538 0.4 -1 1
0.2353 0.855 0.5902 0.0 0.0 0.6498 0.1712 0.0833 1 -1
0.4706 0.895 0.5902 0.42 0.1537 0.4873 0.2737 0.25 1 -1
0.0588 0.415 0.5574 0.0 0.0 0.2712 0.2331 0.1 -1 1
0.3529 0.545 0.4918 0.27 0.0 0.3726 0.0547 0.1 -1 1
0.7059 0.42 0.5902 0.31 0.0 0.4426 0.0935 0.4167 -1 1
0.5294 0.725 0.7213 0.34 0.195 0.4516 0.2959 0.5333 1 -1
0.0588 0.595 0.7049 0.39 0.26 0.6796 0.3117 0.1333 -1 1
0.1176 0.42 0.4098 0.23 0.0898 0.4531 0.38 0.0 -1 1
0.1176 0.54 0.5082 0.1 0.3286 0.377 0.3429 0.0167 -1 1
0.2353 0.57 0.5328 0.0 0.0 0.3264 0.1512 0.2667 -1 1
0.0 0.42 0.6721 0.31 0.1478 0.5693 0.0662 0.0333 -1 1
0.4706 0.985 0.6066 0.0 0.0 0.386 0.4752 0.3 1 -1
0.7647 0.79 0.9344 0.0 0.0 0.6304 0.0764 0.3833 1 -1
0.0588 0.655 0.5246 0.14 0.4905 0.3532 0.1328 0.0 -1 1
0.4118 0.795 0.5246 0.0 0.0 0.4083 0.0922 0.3167 1 -1
0.1176 0.48 0.5574 0.13 0.0579 0.3145 0.243 0.0833 -1 1
0.3529 0.685 0.5 0.0 0.0 0.3607 0.0312 0.5667 -1 1
0.4118 0.75 0.6393 0.29 0.1489 0.5246 0.2622 0.55 1 -1
0.1765 0.53 0.5902 0.0 0.0 0.3845 0.0551 0.1 -1 1
0.0 0.645 0.6557 0.0 0.0 0.465 0.2669 0.1333 -1 1
0.0588 0.48 1.0 0.0 0.0 0.3338 0.0551 0.1 -1 1
0.3529 0.74 0.5902 0.35 0.0 0.5007 0.2344 0.4833 -1 1
0.0588 0.535 0.5902 0.3 0.0969 0.459 0.3172 0.05 -1 1
0.0 0.535 0.5082 0.3 0.0875 0.5455 0.2899 0.0667 -1 1
0.0 0.42 0.5246 0.22 0.078 0.5335 0.1994 0.0 -1 1
0.2353 0.725 0.6721 0.18 0.0 0.4844 0.067 0.8167 -1 1
0.0 0.525 0.7377 0.0 0.0 0.4411 0.0508 0.4167 -1 1
0.1176 0.53 0.459 0.27 0.195 0.4322 0.1486 0.0167 -1 1
0.1765 0.58 0.0 0.0 0.0 0.3502 0.0465 0.0333 -1 1
0.5882 0.575 0.0 0.0 0.0 0.5261 0.0239 0.1333 1 -1
0.1176 0.45 0.6557 0.14 0.065 0.3636 0.073 0.05 -1 1
0.0 0.63 0.7049 0.27 0.1418 0.4083 0.1866 0.0 -1 1
0.1176 0.775 0.4262 0.27 0.6383 0.5768 0.0692 0.0667 -1 1
0.0 0.615 0.7213 0.37 0.0 0.5246 0.0508 0.1333 -1 1
0.2353 0.64 0.5738 0.0 0.0 0.5112 0.0961 0.05 -1 1
0.5882 0.645 0.5082 0.36 0.0 0.614 0.155 0.2833 1 -1
1.0 0.815 0.5902 0.41 0.1348 0.6095 0.3155 0.4333 1 -1
0.4118 0.47 0.5246 0.25 0.0934 0.4963 0.2818 0.3333 -1 1
0.5882 0.54 0.541 0.0 0.0 0.4829 0.0828 0.35 -1 1
0.0588 0.51 0.6066 0.0 0.0 0.5887 0.0918 0.35 -1 1
0.1765 0.53 0.4426 0.21 0.1868 0.4605 0.0914 0.05 -1 1
0.1765 0.435 0.4918 0.18 0.0 0.3249 0.1563 0.0 -1 1
0.2353 0.475 0.4918 0.32 0.0 0.5276 0.088 0.1167 -1 1
0.5294 0.445 0.5082 0.0 0.0 0.3353 0.0273 0.2 -1 1
0.4706 0.625 0.7869 0.0 0.0 0.0 0.0658 0.55 -1 1
0.0588 0.535 0.4098 0.19 0.0 0.4218 0.044 0.1333 -1 1
0.4118 0.975 0.5738 0.33 0.1714 0.3741 0.0363 0.5667 1 -1
0.0 0.525 0.5246 0.41 0.1678 0.6185 0.0406 0.0167 -1 1
0.0588 0.695 0.5082 0.41 0.5674 0.6066 0.1956 0.0 -1 1
0.0588 0.625 0.5738 0.24 0.13 0.3621 0.0611 0.0667 -1 1
0.2941 0.39 0.3934 0.0 0.0 0.5022 0.2459 0.0667 -1 1
0.4706 0.915 0.5246 0.0 0.0 0.3472 0.2536 0.1833 1 -1
0.1176 0.51 0.7049 0.36 0.1418 0.6781 0.0209 0.0333 -1 1
0.1765 0.645 0.5246 0.29 0.1359 0.3934 0.0602 0.1167 -1 1
0.3529 0.645 0.7377 0.07 0.3853 0.2921 0.2152 0.65 -1 1
0.1176 0.535 0.6066 0.3 0.1182 0.5007 0.1392 0.0333 -1 1
0.1765 0.74 0.541 0.25 0.0 0.4844 0.076 0.0167 -1 1
0.2941 0.83 0.623 0.0 0.0 0.6811 0.1119 0.1 1 -1
0.2353 0.55 0.7541 0.0 0.0 0.5604 0.0482 0.15 -1 1
0.0 0.495 0.0 0.0 0.0 0.3726 0.0747 0.0167 -1 1
0.5294 0.65 0.5738 0.0 0.0 0.5097 0.2451 0.4 -1 1
0.2353 0.74 0.4918 0.27 0.3759 0.4605 0.0307 0.1333 -1 1
0.2941 0.605 0.5902 0.23 0.1324 0.3905 0.0713 0.15 -1 1
0.0588 0.495 0.4754 0.1 0.0 0.3785 0.202 0.0 -1 1
0.5882 0.575 0.0 0.0 0.0 0.0 0.0781 0.15 -1 1
0.0588 0.485 0.5738 0.4 0.0 0.5678 0.0598 0.15 -1 1
0.4118 0.895 0.7787 0.31 0.0 0.5097 0.0367 0.65 -1 1
0.2353 0.55 0.541 0.0 0.0 0.4754 0.1678 0.1333 -1 1
0.5294 0.595 0.6557 0.35 0.0 0.4322 0.079 0.1333 -1 1
0.4118 0.625 0.7049 0.0 0.0 0.5604 0.0965 0.5 -1 1
0.0588 0.98 0.623 0.36 0.2943 0.544 0.3403 0.1333 1 -1
0.3529 0.4 0.541 0.3 0.0 0.3905 0.1003 0.3333 -1 1
0.4118 0.485 0.623 0.32 0.1076 0.6095 0.3386 0.1833 -1 1
0.2941 0.495 0.6066 0.27 0.0 0.4322 0.0534 0.1833 -1 1
0.0588 0.835 0.6066 0.17 0.1702 0.3487 0.1576 0.2 -1 1
0.0 0.475 0.5246 0.39 0.1241 0.6647 0.123 0.0167 -1 1
0.0 0.37 0.4262 0.1 0.0426 0.4143 0.0816 0.0167 -1 1
0.2941 0.79 0.5738 0.0 0.0 0.4441 0.0551 0.7 -1 1
0.1765 0.54 0.5082 0.24 0.0 0.3875 0.0619 0.0667 -1 1
0.0588 0.465 0.5738 0.31 0.0 0.4531 0.1012 0.0333 -1 1
0.1176 0.705 0.4754 0.34 0.1513 0.3785 0.2652 0.05 -1 1
0.0588 0.63 0.4918 0.0 0.0 0.4486 0.1157 0.4333 -1 1
0.2353 0.985 0.5738 0.39 0.8794 0.5469 0.9611 0.1667 1 -1
0.0 0.505 0.5246 0.17 0.0 0.313 0.0743 0.0 -1 1
0.0 0.685 0.6885 0.27 0.0 0.4069 0.0653 0.6333 -1 1
0.3529 0.51 0.6721 0.0 0.0 0.459 0.0436 0.25 -1 1
0.0588 0.965 0.4098 0.16 0.4433 0.386 0.2464 0.05 1 -1
0.4706 0.835 0.8689 0.46 0.2731 0.5604 0.0371 0.3667 -1 1
0.1176 0.55 0.6066 0.29 0.1478 0.4829 0.2647 0.1 -1 1
0.3529 0.515 0.541 0.0 0.0 0.3621 0.073 0.1333 -1 1
0.0 0.685 0.5574 0.14 0.1749 0.3696 0.0278 0.0 -1 1
0.3529 0.625 0.5574 0.3 0.1418 0.4471 0.1648 0.1833 -1 1
0.5294 0.76 0.6393 0.34 0.2021 0.5097 0.348 0.2 1 -1
0.0588 0.86 0.5574 0.49 0.6844 0.6319 0.2664 0.1167 -1 1
0.0588 0.995 0.623 0.43 0.0 0.6393 0.5619 0.0167 1 -1
0.3529 0.575 0.4918 0.39 0.0 0.5022 0.0713 0.3167 -1 1
0.5294 0.855 0.9016 0.24 0.2837 0.6766 0.2746 0.55 1 -1
0.1176 0.405 0.4918 0.22 0.0 0.4128 0.0905 0.0667 -1 1
0.1765 0.415 0.4754 0.31 0.0213 0.5112 0.1102 0.0667 -1 1
0.0 0.595 0.5246 0.18 0.1087 0.5201 0.2763 0.0333 -1 1
0.1176 0.605 0.5738 0.32 0.1123 0.5827 0.345 0.0333 -1 1
0.2941 0.48 0.6066 0.18 0.0792 0.5007 0.3924 0.3667 -1 1
0.2353 0.615 0.5082 0.0 0.0 0.4769 0.0632 0.2333 -1 1
0.4118 0.92 0.6885 0.33 0.0 0.5291 0.1183 0.3333 1 -1
0.1176 0.545 0.7541 0.0 0.0 0.6364 0.3275 0.55 -1 1
0.7059 0.605 0.6393 0.17 0.0 0.3949 0.0773 0.6833 -1 1
0.0 0.505 0.623 0.0 0.0 0.532 0.0512 0.0833 -1 1
0.1176 0.425 0.5328 0.0 0.0 0.5902 0.3638 0.1 -1 1
0.0 0.47 0.5738 0.27 0.1359 0.6483 0.1149 0.0 -1 1
0.1176 0.56 0.6148 0.32 0.0 0.532 0.0299 0.0 -1 1
0.0588 0.435 0.4918 0.37 0.0887 0.5544 0.184 0.0167 -1 1
0.1176 0.615 0.3934 0.32 0.195 0.6274 0.1887 0.0833 -1 1
0.1176 0.355 0.5738 0.27 0.0 0.4173 0.2169 0.0167 -1 1
0.4118 0.68 0.6066 0.26 0.1596 0.3875 0.243 0.5 -1 1
0.3529 0.54 0.3607 0.2 0.1537 0.3577 0.3138 0.2333 -1 1
0.2941 0.83 0.5902 0.19 0.2069 0.3845 0.2173 0.5 1 -1
0.0588 0.48 0.5246 0.27 0.1028 0.4948 0.0901 0.0 -1 1
0.7647 0.765 0.7213 0.37 0.1655 0.6051 0.468 0.3 1 -1
0.1765 0.58 0.6066 0.15 0.1241 0.392 0.0124 0.05 -1 1
0.0588 0.715 0.7049 0.3 0.3901 0.4486 0.3476 0.0333 -1 1
0.8824 0.68 0.5738 0.32 0.13 0.5529 0.032 0.3667 1 -1
0.3529 0.525 0.6557 0.28 0.0 0.4844 0.3416 0.0833 -1 1
0.0 0.455 0.5574 0.32 0.2482 0.5946 0.1294 0.0667 -1 1
0.1765 0.39 0.4098 0.32 0.104 0.462 0.0726 0.0833 -1 1
0.1176 0.37 0.0 0.0 0.0 0.0 0.0102 0.0167 -1 1
0.1176 0.44 0.4754 0.26 0.0189 0.4232 0.2938 0.0167 -1 1
0.5882 0.45 0.6967 0.32 0.0 0.5201 0.319 0.5833 -1 1
0.0588 0.785 0.5902 0.21 0.1986 0.3815 0.0192 0.05 -1 1
0.2941 0.575 0.623 0.0 0.0 0.465 0.1132 0.3833 -1 1
0.2353 0.77 0.5902 0.29 0.1489 0.4665 0.111 0.2667 1 -1
0.2941 0.81 0.8525 0.0 0.0 0.5618 0.0312 0.5167 -1 1
0.3529 0.595 0.4098 0.22 0.208 0.4039 0.5295 0.2 1 -1
0.1176 0.62 0.5574 0.28 0.2423 0.4903 0.3403 0.15 -1 1
0.0588 0.755 0.4918 0.0 0.0 0.389 0.0431 0.0167 -1 1
0.4118 0.57 0.623 0.17 0.13 0.3547 0.1657 0.1667 -1 1
0.0 0.51 0.7049 0.17 0.1241 0.4367 0.2635 0.1 -1 1
0.1765 0.645 0.7541 0.49 0.1832 0.5425 0.38 0.1833 -1 1
0.5294 0.78 0.7049 0.0 0.0 0.3696 0.0649 0.5333 -1 1
0.4118 0.57 0.541 0.0 0.0 0.4888 0.0769 0.35 -1 1
0.3529 0.67 0.6557 0.37 0.4374 0.6885 0.0683 0.4167 1 -1
0.2941 0.66 0.6557 0.0 0.0 0.3994 0.0461 0.8 -1 1
0.7647 0.38 0.4918 0.0 0.0 0.4888 0.0436 0.3333 -1 1
0.1765 0.405 0.7049 0.16 0.078 0.4098 0.0974 0.0167 -1 1
0.0 0.465 0.4918 0.25 0.1087 0.4277 0.1939 0.0167 -1 1
0.0 0.465 0.4918 0.0 0.0 0.5261 0.079 0.0667 -1 1
0.1176 0.985 0.5738 0.45 0.6418 0.4545 0.0342 0.5333 1 -1
0.1176 0.405 0.5902 0.15 0.0898 0.4486 0.2003 0.0667 -1 1
0.0 0.585 0.541 0.31 0.2222 0.459 0.1772 0.0167 -1 1
0.5882 0.625 0.5738 0.26 0.1359 0.4635 0.0542 0.3333 -1 1
0.4118 0.57 0.5246 0.0 0.0 0.4083 0.2792 0.2167 -1 1
0.2353 0.46 0.6557 0.0 0.0 0.6289 0.0679 0.1333 -1 1
0.5882 0.61 0.5574 0.0 0.0 0.465 0.0769 0.3333 -1 1
0.1176 0.65 0.7869 0.0 0.0 0.3368 0.0811 0.0 -1 1
0.3529 0.52 0.6066 0.18 0.1844 0.4456 0.275 0.3333 -1 1
0.2941 0.495 0.4426 0.28 0.0981 0.5067 0.1798 0.15 -1 1
0.0588 0.475 0.6066 0.21 0.0863 0.386 0.2541 0.25 -1 1
0.4118 0.545 0.6557 0.31 0.0 0.535 0.4479 0.3667 -1 1
0.3529 0.455 0.0 0.0 0.0 0.4441 0.1806 0.1667 -1 1
0.0588 0.545 0.4754 0.18 0.1371 0.4247 0.0602 0.0167 -1 1
0.1176 0.645 0.6885 0.0 0.0 0.4173 0.088 0.1 -1 1
0.2941 0.52 0.6066 0.0 0.0 0.4292 0.032 0.45 -1 1
0.1765 0.81 0.4262 0.38 0.0 0.5544 0.2451 0.05 1 -1
0.3529 0.425 0.6393 0.0 0.0 0.465 0.1298 0.35 -1 1
0.0 0.73 0.5738 0.0 0.0 0.5648 0.1093 0.1167 -1 1
0.2353 0.66 0.7049 0.31 0.0 0.4173 0.1456 0.7 -1 1
0.1765 0.865 0.6885 0.33 0.5603 0.532 0.0769 0.0167 -1 1
0.0588 0.68 0.6066 0.5 0.2411 0.5574 0.1371 0.05 -1 1
0.2353 0.495 0.5574 0.38 0.0 0.4888 0.0286 0.2 -1 1
0.2353 0.56 0.6393 0.4 0.0 0.5872 0.0675 0.2833 -1 1
0.0 0.47 0.0 0.0 0.0 0.0 0.076 0.0667 -1 1
0.0588 0.64 0.7213 0.39 0.13 0.544 0.418 0.2667 -1 1
0.2353 0.635 0.7213 0.11 0.1832 0.5142 0.222 0.1167 -1 1
0.2941 0.84 0.5246 0.0 0.0 0.4903 0.0243 0.3333 1 -1
0.5294 0.82 0.6393 0.0 0.0 0.4888 0.0299 0.4 1 -1
0.1176 0.435 0.0 0.23 0.0 0.4307 0.2968 0.0667 -1 1
0.0588 0.65 0.5738 0.13 0.1241 0.386 0.1682 0.0167 -1 1
0.1176 0.45 0.4918 0.0 0.0 0.3502 0.0482 0.0667 -1 1
0.5882 0.505 0.623 0.48 0.2128 0.4903 0.0397 0.7 -1 1
