    #Muestra numJDBCCount numHTTPCount     numHTTPQ
           0            1            2            0
           1            0            3            0
           2            0            4            0
           3            1            1            2
           4            0            0            1
           5            0            0            0
           6            0            2            0
           7            0            2            0
           8            0            2            0
           9            0            2            0
          10            0            3            1
          11            2            1            0
          12            0            0            0
          13            0            0            0
          14            0            3            0
          15            0            1            0
          16            0            1            0
          17            0            0            0
          18            0            0            0
          19            0            1            0
          20            0            0            0
          21            0            2            0
          22            0            1            0
          23            0            2            0
          24            0            3            0
          25            1            0            0
          26            0            1            0
          27            1            1            0
          28            0            3            0
          29            0            2            0
          30            0            0            5
          31            0            4            0
          32            4            5          109
          33            0            2            0
          34            0            0            0
          35            0            0            0
          36            1            5            0
          37            0            1            0
          38            0            0            0
          39            0            0            0
          40            2            3            0
          41            1            0            0
          42            1            0            0
          43            0            0            0
          44            3            3            0
          45            0            0            0
          46            0            0            0
          47            0            0            0
          48            0            0            0
          49            1            0            0
          50            0            0            0
          51            0            0            0
          52            0            0            0
          53            0            0            0
          54            0            0            0
          55            0            0            0

TOT.MUESTRAS        MEDIA:
          56     0.339286      1.17857      2.10714
