    #Muestra numJDBCCount numHTTPCount     numHTTPQ
           0            3            5           12
           1            5            5           17
           2            4            5          143
           3            3            5           11
           4            4            0            0
           5            4            5            7
           6            0            5            2
           7            1            5            3
           8            0            5            0
           9            0            2            0
          10            0            5            1
          11            2            2            0
          12            3            5           20
          13            5            5            2
          14            2            2            0
          15            4            4            2
          16            5            2            0
          17            3            5            0
          18            0            3            3
          19            2            4            0
          20            5            1            2
          21            1            2            0
          22            2            1            0
          23            2            4           10
          24            5            1            4
          25            0            1            0
          26            1            5            0
          27            0            4            6
          28            2            2            0
          29            4            5            0
          30            0            4            0
          31            4            5            0
          32            1            1            0
          33            0            5            0
          34            4            5            0
          35            4            5            1
          36            1            1            0
          37            0            5            0
          38            1            0            0
          39            5            0            0
          40            2            5            0
          41            3            1            0
          42            3            4            0
          43            0            0            0
          44            1            3            0
          45            2            5            0
          46            0            1            0
          47            2            1            0
          48            0            0            0
          49            0            0            0
          50            0            0            0
          51            0            0            0
          52            0            0            0
          53            0            0            0
          54            0            0            0

TOT.MUESTRAS        MEDIA:
          55      1.90909      2.83636      4.47273
