procs -----------memoria---------- ---swap-- -----io---- -sistema-- ------cpu-----
 r  b   swpd  libre búfer caché   si   so    bi    bo   in   cs us sy id wa st
 2  0      0 10247524 211640 4655188    0    0    16    32  252  236  4  5 92  0  0
 3  0      0 10126044 211640 4654148    0    0     0    32 2692 10083 26  5 69  0  0
 2  0      0 9834324 211640 4654184    0    0     0     0 3071 19368 40  4 56  0  0
 1  0      0 9750584 211640 4654196    0    0     0     0 3913 9777 13  3 84  0  0
 7  0      0 9721888 211648 4654216    0    0     0    96 5745 14570 19  8 73  0  0
 1  0      0 9691932 211648 4654320    0    0     0     0 8299 19207 21 10 70  0  0
 4  0      0 9655448 211648 4654340    0    0     0     0 7826 17656 23 11 66  0  0
 1  0      0 9622380 211648 4654400    0    0     0     0 6976 14604 16 17 68  0  0
 0  0      0 9591560 211648 4654436    0    0     0     0 6482 11502 15 14 71  0  0
 1  0      0 9574972 211656 4654452    0    0     0    32 6450 10447  8 10 82  0  0
 1  0      0 9524016 211704 4654632    0    0     0   556 7095 11214  5 20 75  0  0
 2  0      0 9515980 211704 4654796    0    0     0     0 6868 14766  6 27 68  0  0
 3  0      0 9505944 211704 4654880    0    0     0     0 6346 10430  2 30 68  0  0
 2  0      0 9475120 211704 4655060    0    0     0     0 6102 7395  8 30 62  0  0
 2  0      0 9468988 211704 4655408    0    0     0     0 5616 6648  2 30 68  0  0
 2  0      0 9468184 211712 4655600    0    0     0    44 5869 6042  0 31 69  0  0
 2  0      0 9466896 211712 4655680    0    0     0     0 5038 5599  0 28 72  0  0
 2  0      0 9466472 211712 4655680    0    0     0     0 4660 5234  0 28 72  0  0
 2  0      0 9460400 211712 4655688    0    0     0     0 3999 4524  1 26 73  0  0
 6  0      0 9432440 211712 4655720    0    0     0     0 5260 7596  6 28 66  0  0
 2  0      0 9427676 211720 4655760    0    0     0    28 5698 9084  4 25 71  0  0
 1  0      0 9423008 211720 4655760    0    0     0     0 5801 8531  1 18 81  0  0
 2  0      0 9421152 211720 4655768    0    0     0     0 5162 6301  1 25 73  0  0
 2  0      0 9408912 211720 4655804    0    0     0     0 5884 6628  1 29 70  0  0
 2  0      0 9407436 211720 4655812    0    0     0     0 5989 7114  1 30 69  0  0
 2  0      0 9407592 211728 4655812    0    0     0  4624 4957 4637  0 29 70  0  0
 2  0      0 9407592 211728 4655812    0    0     0     0 4262 4040  0 27 73  0  0
 2  0      0 9407640 211728 4655812    0    0     0     0 4633 4903  1 30 69  0  0
 2  0      0 9406216 211736 4655916    0    0     0    84 6205 9600  2 28 70  0  0
 1  0      0 9399060 211736 4655964    0    0     0     0 6271 11223  4 26 71  0  0
 0  0      0 9335612 211736 4655980    0    0     0   132 6250 9794  6 16 79  0  0
 2  0      0 9262588 211736 4655980    0    0     0     0 5466 7588  4 22 74  0  0
 2  0      0 9253256 211736 4655988    0    0     0     0 5436 8608  2 28 69  0  0
 3  0      0 9253336 211744 4655988    0    0     0    36 4571 5105  0 29 71  0  0
 2  0      0 9251244 211744 4656012    0    0     0     0 4467 7368  1 28 70  0  0
 2  0      0 9250276 211744 4656020    0    0     0     0 3691 3737  0 29 70  0  0
 2  0      0 9249252 211744 4656020    0    0     0     0 3122 2668  0 29 71  0  0
 2  0      0 9247732 211744 4656020    0    0     0     0 5008 6150  1 28 71  0  0
 3  0      0 9235984 211752 4656044    0    0     0    32 5384 6885  7 26 67  0  0
 2  0      0 9235520 211752 4656084    0    0     0     0 4221 5376  1 26 73  0  0
 2  0      0 9234512 211752 4656092    0    0     0     0 3050 3067  0 27 73  0  0
 2  0      0 9301040 211752 4656140    0    0     0  2612 3473 3133  1 27 72  0  0
 2  0      0 9257940 211752 4656212    0    0     0     0 3645 3741  5 27 68  0  0
 2  0      0 9234984 211760 4656268    0    0     0    44 3780 3291 13 27 61  0  0
 2  0      0 9234480 211760 4656276    0    0     0     0 4461 4520  0 30 70  0  0
 4  0      0 9233848 211760 4656360    0    0     0     0 4803 6681  4 26 71  0  0
 3  0      0 9223308 211760 4656416    0    0     0     0 6902 12932  4 28 68  0  0
 1  0      0 9219204 211760 4656456    0    0     0     0 5800 8453  1 17 82  0  0
 3  0      0 9215868 211768 4656456    0    0     0    32 4880 6718  1 27 72  0  0
 3  0      0 9213936 211768 4656480    0    0     0     0 5324 6185  4 28 68  0  0
 2  0      0 9213776 211768 4656512    0    0     0     0 4862 3874  0 30 70  0  0
 2  0      0 9221868 211768 4656512    0    0     0  1476 5132 3287  0 29 71  0  0
 2  0      0 9221328 211768 4656516    0    0     0     0 4901 3769  1 28 71  0  0
 2  0      0 9220984 211776 4656536    0    0     0    44 4795 5014  1 28 70  0  0
 2  0      0 9221260 211776 4656552    0    0     0     0 3413 3129  1 29 69  0  0
 2  0      0 9165064 211776 4656584    0    0     0     0 3916 4418  5 28 67  0  0
 2  0      0 9164568 211776 4656628    0    0     0     0 4609 5681  0 28 72  0  0
 3  0      0 9164552 211776 4656636    0    0     0     0 4266 5699  1 28 72  0  0
 2  0      0 9164384 211776 4656644    0    0     0     0 3702 3586  0 29 71  0  0
 4  0      0 9164652 211784 4656640    0    0     0    32 3576 4167  0 29 70  0  0
 3  0      0 9163120 211784 4656692    0    0     0     0 6469 9790  6 22 72  0  0
 2  0      0 9161988 211792 4656712    0    0     0   696 5880 8022  2 22 76  0  0
 2  0      0 9161068 211792 4656752    0    0     0     0 5270 8724  3 28 69  0  0
 2  0      0 9160832 211792 4656796    0    0     0     0 4815 6077  1 28 71  0  0
 2  0      0 9161092 211792 4656828    0    0     0     0 4171 6335  1 27 72  0  0
 2  0      0 9129884 211792 4656832    0    0     0     0 5327 8158  7 27 67  0  0
 2  0      0 9126112 211792 4656904    0    0     0   660 6367 9454  8 25 66  0  0
 2  0      0 9125748 211800 4656932    0    0     0    60 4627 5094  0 29 71  0  0
 2  0      0 9124464 211800 4657316    0    0     0     0 5165 5756  1 31 68  0  0
 2  0      0 9124960 211800 4657316    0    0     0     0 4794 5295  0 30 70  0  0
 3  0      0 9124900 211800 4657324    0    0     0     0 3994 3642  0 29 71  0  0
 2  0      0 9124664 211800 4657360    0    0     0     0 4367 4455  0 29 70  0  0
 2  0      0 9124168 211808 4657376    0    0     0    32 3966 3758  0 28 71  0  0
 2  0      0 9124160 211808 4657384    0    0     0     0 3125 2562  0 29 70  0  0
 2  0      0 9123836 211808 4657408    0    0     0     0 4266 4935  1 29 70  0  0
25  0      0 9119484 211808 4657468    0    0     0     0 5806 9755  2 21 77  0  0
 2  0      0 9118312 211808 4657492    0    0     0     0 6013 9445  0 23 77  0  0
 3  0      0 9117892 211816 4657536    0    0     0  3048 5075 5728  1 26 73  0  0
 2  0      0 9118144 211816 4657536    0    0     0     0 3962 4352  0 26 73  0  0
 2  0      0 9117764 211816 4657544    0    0     0     0 4127 4344  0 26 74  0  0
 2  0      0 9084104 211816 4657628    0    0     0     0 4297 6576  1 27 72  0  0
 2  0      0 9074496 211816 4657720    0    0     0     0 3637 3984  1 27 73  0  0
 2  0      0 9068164 211824 4657724    0    0     0    40 4218 4543  0 28 72  0  0
 4  0      0 9059060 211824 4657784    0    0     0     0 5187 6378  1 25 74  0  0
 2  0      0 9051532 211824 4657844    0    0     0     0 5543 7172  1 26 73  0  0
 3  0      0 9051028 211824 4657844    0    0     0     0 3842 3811  0 27 73  0  0
 1  0      0 9045256 211824 4657844    0    0     0     0 4364 5553  1 29 70  0  0
13  0      0 8948912 211832 4657884    0    0     0    28 6401 10697 19 26 55  0  0
 3  0      0 8942312 211832 4657952    0    0     0     0 4587 6121  2 27 70  0  0
 2  0      0 8942240 211832 4657976    0    0     0     0 4348 5238  0 26 74  0  0
 2  0      0 8941736 211832 4658008    0    0     0     0 4950 6027  1 27 72  0  0
 4  0      0 8941560 211832 4658068    0    0     0     0 3748 4978  0 26 73  0  0
 2  0      0 8941756 211840 4658052    0    0     0  3508 5295 8149  1 27 71  0  0
 4  0      0 8941468 211840 4658112    0    0     0     0 6149 10836  1 20 79  0  0
 1  0      0 8939712 211840 4658200    0    0     0     0 5742 10062  2 16 82  0  0
 2  0      0 8939384 211840 4658208    0    0     0     0 4451 5789  0 27 73  0  0
 2  0      0 8939140 211840 4658216    0    0     0     0 4610 5993  0 28 72  0  0
 2  0      0 8938952 211840 4658240    0    0     0     0 3880 4494  0 27 73  0  0
 2  0      0 8938496 211848 4658248    0    0     0    40 4256 5375  0 28 71  0  0
 2  0      0 8938520 211848 4658280    0    0     0     0 3607 4315  0 29 70  0  0
 2  0      0 8938300 211848 4658316    0    0     0     0 5500 8452  1 27 72  0  0
 1  0      0 8938108 211848 4658388    0    0     0     0 6928 11855  1 26 73  0  0
 1  0      0 8937832 211848 4658416    0    0     0     0 5635 7553  1 18 81  0  0
 1  0      0 8937352 211856 4658416    0    0     0    32 5408 8121  1 18 81  0  0
 2  0      0 8936596 211856 4658400    0    0     0     0 4825 5579  0 26 73  0  0
 2  0      0 8936344 211856 4658436    0    0     0     0 5357 3352  1 28 71  0  0
 1  0      0 8935872 211856 4658440    0    0     0     0 3811 2638  0 29 70  0  0
 2  0      0 8935676 211856 4658448    0    0     0     0 4530 4266  1 30 70  0  0
 2  0      0 8935456 211864 4658460    0    0     0    36 6121 9183  1 29 70  0  0
 2  0      0 8934904 211864 4658512    0    0     0     0 4510 5491  0 27 73  0  0
 2  0      0 8933724 211864 4658536    0    0     0     0 4653 5862  1 27 73  0  0
 2  0      0 8933668 211864 4658556    0    0     0     0 5053 6008  1 26 73  0  0
 2  0      0 8933384 211864 4658556    0    0     0     0 4030 4133  0 26 73  0  0
 2  0      0 8933384 211872 4658564    0    0     0    36 3858 3597  0 27 73  0  0
 1  0      0 8858156 211872 4658652    0    0     0     0 6085 10491  9 28 63  0  0
 1  0      0 8857080 211872 4658712    0    0     0     0 5478 8205  1 17 82  0  0
 2  0      0 8855540 211872 4658744    0    0     0     0 5771 7400  0 25 75  0  0
 2  0      0 8856044 211872 4658744    0    0     0     0 5438 6511  1 29 71  0  0
 2  0      0 8855840 211880 4658740    0    0     0    32 4141 4672  0 28 72  0  0
 2  0      0 8856076 211880 4658752    0    0     0     0 3552 3485  0 28 72  0  0
 2  0      0 8856076 211880 4658752    0    0     0     0 3660 3437  0 27 73  0  0
 3  0      0 8856076 211880 4658784    0    0     0     0 2929 1974  0 26 74  0  0
 2  0      0 8856076 211880 4658820    0    0     0     0 3346 4820  2 26 73  0  0
 2  0      0 8855816 211880 4658820    0    0     0  2352 3742 3094  0 25 75  0  0
 2  0      0 8855824 211888 4658820    0    0     0    48 4036 5948  1 26 73  0  0
 2  0      0 8855816 211888 4658824    0    0     0     0 3115 2603  0 25 75  0  0
 2  0      0 8855816 211888 4658828    0    0     0     0 3213 2750  0 25 75  0  0
10  0      0 8845136 211888 4658908    0    0     0     0 6433 9942  4 27 69  0  0
 1  0      0 8806492 211888 4658992    0    0     0 11940 6865 9697 10 18 72  0  0
 0  0      0 8806572 211888 4659008    0    0     0     0 5217 7190  0 16 84  0  0
 3  0      0 8806204 211896 4659036    0    0     0    48 6152 10617  5 13 83  0  0
 2  0      0 8805896 211896 4659040    0    0     0     0 5933 7818  2 19 79  0  0
 2  0      0 8806368 211896 4659048    0    0     0     0 5263 5702  0 29 71  0  0
 2  0      0 8806212 211896 4659080    0    0     0     0 5986 8615  1 28 71  0  0
 2  0      0 8805976 211896 4659152    0    0     0     0 6675 9613  1 28 71  0  0
 2  0      0 8805748 211904 4659200    0    0     0    28 4592 5758  0 27 73  0  0
 1  0      0 8805876 211904 4659240    0    0     0     0 5205 7129  0 27 73  0  0
 1  0      0 8805496 211904 4659280    0    0     0     0 6346 12441  2 18 80  0  0
 2  0      0 8804788 211904 4659332    0    0     0   176 4986 7165  2 19 79  0  0
 2  0      0 8804764 211904 4659340    0    0     0     0 4798 5969  0 27 73  0  0
 2  0      0 8805112 211912 4659340    0    0     0    32 8414 6735  0 26 73  0  0
 2  0      0 8804940 211912 4659368    0    0     0     0 5040 6998  0 26 74  0  0
 2  0      0 8805004 211912 4659408    0    0     0     0 5522 8293  3 25 72  0  0
 2  0      0 8784372 211912 4659440    0    0     0     0 4596 5933  6 27 67  0  0
 0  0      0 8753372 211912 4659492    0    0     0     0 6460 9980  6 19 74  0  0
 2  0      0 8752480 211920 4659492    0    0     0    32 5448 7824  1 19 80  0  0
 2  0      0 8752920 211920 4659508    0    0     0     0 4709 5611  0 27 73  0  0
 2  0      0 8753212 211920 4659508    0    0     0     0 5558 7237  1 26 73  0  0
 2  0      0 8747316 211920 4659628    0    0     0     0 4706 7125  5 26 70  0  0
 3  0      0 8744632 211920 4659732    0    0     0     0 5663 8007  8 27 66  0  0
 1  0      0 8744356 211928 4659764    0    0     0    36 6884 10894  2 28 70  0  0
 2  0      0 8740388 211928 4659792    0    0     0     0 6293 8946  5 27 68  0  0
 2  0      0 8740584 211928 4659808    0    0     0     0 5241 9070  2 26 72  0  0
 2  0      0 8740396 211928 4660088    0    0     0  1492 5166 6457  0 26 74  0  0
 2  0      0 8739892 211928 4660104    0    0     0     0 5492 8963  3 29 69  0  0
 2  0      0 8739892 211936 4660132    0    0     0    40 5688 7607  1 26 73  0  0
 1  0      0 8739324 211936 4660440    0    0     0     0 7714 10402  1 21 78  0  0
 1  0      0 8739616 211936 4660452    0    0     0     0 5182 6413  0 26 73  0  0
 2  0      0 8739632 211936 4660452    0    0     0   960 5061 6471  1 25 74  0  0
 2  0      0 8739080 211936 4660476    0    0     0     0 7501 12293  2 27 71  0  0
 2  0      0 8738288 211944 4660544    0    0     0    40 6190 6170  0 28 72  0  0
 3  0      0 8738020 211944 4660556    0    0     0     0 5214 6174  0 28 71  0  0
 1  0      0 8738516 211944 4660572    0    0     0     0 4984 6596  1 27 72  0  0
 2  0      0 8738272 211944 4660588    0    0     0     0 3939 3525  0 30 70  0  0
 2  0      0 8665792 211944 4660604    0    0     0 13828 4379 3856  1 30 69  0  0
 2  0      0 8665700 211952 4660632    0    0     0    44 4380 5078  0 30 70  0  0
 2  0      0 8665868 211952 4660640    0    0     0     0 4011 4909  0 28 71  0  0
 2  0      0 8665324 211952 4660736    0    0     0     0 6710 10436  0 20 80  0  0
 2  0      0 8665892 211952 4660748    0    0     0     0 4570 5917  0 26 74  0  0
 2  0      0 8665412 211952 4660768    0    0     0     0 5504 7413  1 28 71  0  0
 2  0      0 8665704 211952 4660776    0    0     0     0 3705 3732  0 25 75  0  0
 2  0      0 8671100 211960 4660868    0    0     0    32 3679 3748  1 25 73  0  0
 2  0      0 8670636 211960 4660876    0    0     0     0 5983 9423  1 25 74  0  0
 2  0      0 8669944 211960 4660932    0    0     0     0 6412 9980  1 19 80  0  0
 2  0      0 8670220 211960 4660940    0    0     0     0 5533 7672  1 27 72  0  0
 2  0      0 8670316 211960 4660940    0    0     0     0 4824 5829  1 29 70  0  0
 2  0      0 8737860 211968 4660948    0    0     0    32 4302 4950  0 29 71  0  0
 2  0      0 8738120 211968 4660964    0    0     0     0 4455 5330  2 30 69  0  0
 3  0      0 8729032 211968 4661032    0    0     0     0 5665 8969  2 28 70  0  0
 1  0      0 8710440 211968 4661108    0    0     0     4 6209 8916  1 21 78  0  0
 1  0      0 8696084 211968 4661116    0    0     0     0 5889 7989  0 19 81  0  0
 3  0      0 8688180 211976 4661116    0    0     0    48 5187 6605  1 30 69  0  0
 2  0      0 8673408 211976 4661116    0    0     0     0 6001 9435  1 28 71  0  0
 3  0      0 8607832 211976 4661192    0    0     0     0 5718 8988  8 28 64  0  0
 2  0      0 8607884 211976 4661260    0    0     0  1240 7365 13862  3 27 71  0  0
 1  0      0 8606820 211976 4661284    0    0     0     0 5207 8428  3 11 87  0  0
 2  0      0 8606340 211976 4661516    0    0     0     0 5268 6795  0 29 70  0  0
 2  0      0 8606200 211984 4661520    0    0     0    36 5498 6933  0 30 69  0  0
 2  0      0 8605752 211984 4661532    0    0     0     0 5471 7000  0 30 70  0  0
 2  0      0 8605208 211984 4661576    0    0     0   640 5288 7205  0 28 72  0  0
 2  0      0 8605768 211984 4661600    0    0     0     0 4897 7101  1 27 73  0  0
 3  0      0 8606044 211984 4661624    0    0     0     0 4109 4824  0 29 70  0  0
 3  0      0 8604980 211992 4661644    0    0     0    40 6478 11178  3 27 70  0  0
 2  0      0 8605232 211992 4661744    0    0     0     0 5116 7275  0 25 75  0  0
 3  0      0 8605976 211992 4661792    0    0     0    68 4494 5680  1 29 70  0  0
 2  0      0 8605700 211992 4661808    0    0     0     0 4636 5163  0 29 70  0  0
 2  0      0 8604440 211992 4663060    0    0     0     0 4022 4360  0 27 72  0  0
 2  0      0 8604464 212000 4663060    0    0     0    56 5321 7233  1 29 70  0  0
 2  0      0 8605100 212000 4663104    0    0     0     0 6797 11624  2 27 71  0  0
 2  0      0 8602328 212000 4663144    0    0     0 11932 5638 8171  8 22 70  0  0
 2  0      0 8602336 212000 4663152    0    0     0     0 5494 7774  1 30 69  0  0
 2  0      0 8602260 212000 4663196    0    0     0     0 4961 6529  0 30 70  0  0
 3  0      0 8602048 212008 4663204    0    0     0    40 4863 6063  0 30 70  0  0
 2  0      0 8601424 212008 4663232    0    0     0     0 8017 10306  1 28 71  0  0
 2  0      0 8601464 212008 4663276    0    0     0     0 6727 8965  1 29 70  0  0
 2  0      0 8601356 212008 4663296    0    0     0     0 4627 4509  0 28 72  0  0
 2  0      0 8601144 212008 4663332    0    0     0     0 4495 5539  0 27 73  0  0
 2  0      0 8601388 212016 4663368    0    0     0    32 5778 10559  2 27 71  0  0
 1  0      0 8601528 212016 4663428    0    0     0     0 5693 12051  1 15 84  0  0
 2  0      0 8601016 212016 4663428    0    0     0     0 4761 5616  0 27 73  0  0
 2  0      0 8601048 212016 4663452    0    0     0     0 5785 9114  1 31 68  0  0
 2  0      0 8599704 212016 4663460    0    0     0     0 5513 8261  0 31 69  0  0
 2  0      0 8599688 212016 4663512    0    0     0     0 4619 7760  1 29 70  0  0
 4  0      0 8599916 212024 4663536    0    0     0    32 3391 3904  0 28 72  0  0
 2  0      0 8600160 212024 4663544    0    0     0     0 3840 6417  1 30 69  0  0
 2  0      0 8599912 212024 4663592    0    0     0  1148 8199 12853  2 29 69  0  0
 2  0      0 8599820 212024 4663612    0    0     0     0 4722 5906  1 26 73  0  0
 2  0      0 8600056 212024 4663676    0    0     0     0 4280 4261  0 26 73  0  0
 2  0      0 8600372 212032 4663732    0    0     0    36 3909 4361  1 27 73  0  0
 2  0      0 8600256 212032 4663764    0    0     0     0 3820 4154  0 27 73  0  0
 2  0      0 8600052 212032 4663776    0    0     0   704 5489 7084  1 26 74  0  0
 2  0      0 8599816 212032 4663776    0    0     0     0 4336 4901  0 26 73  0  0
 1  0      0 8599332 212032 4663820    0    0     0     0 6036 9871  1 23 76  0  0
 1  0      0 8598764 212040 4663848    0    0     0    32 5972 8829  1 18 81  0  0
 3  0      0 8599016 212040 4663864    0    0     0     0 5249 6857  0 22 77  0  0
 3  0      0 8599112 212040 4663872    0    0     0    24 5502 7450  0 29 71  0  0
 4  0      0 8597284 212040 4663908    0    0     0     0 6672 8937  9 26 64  0  0
 2  0      0 8597284 212040 4663932    0    0     0     0 4442 4578  0 26 74  0  0
 2  0      0 8597356 212048 4663944    0    0     0    48 3841 3861  0 27 73  0  0
 2  0      0 8597544 212048 4663964    0    0     0     0 8597 11151  1 28 71  0  0
 2  0      0 8596976 212048 4664084    0    0     0    48 5987 8256  0 27 72  0  0
 4  0      0 8596868 212048 4664092    0    0     0     0 5399 6816  0 27 72  0  0
 2  0      0 8596608 212048 4664100    0    0     0     0 6626 11310  1 25 74  0  0
 2  0      0 8597136 212048 4664156    0    0     0     0 5668 8716  2 19 79  0  0
 2  0      0 8596860 212056 4664220    0    0     0    28 5834 8150  1 30 69  0  0
 3  0      0 8597276 212056 4664220    0    0     0 14392 6062 6506  0 26 73  0  0
 1  0      0 8596544 212056 4664244    0    0     0     0 6547 10315  3 28 70  0  0
 2  0      0 8596236 212056 4664296    0    0     0     0 6360 8506  1 18 81  0  0
 2  0      0 8596764 212056 4664312    0    0     0     0 4503 5216  0 27 73  0  0
 2  0      0 8596520 212064 4664348    0    0     0    44 4717 6076  1 26 73  0  0
 2  0      0 8596576 212064 4664372    0    0     0     0 6061 9705  1 28 71  0  0
 2  0      0 8596592 212064 4664416    0    0     0     0 3764 4331  0 25 75  0  0
 2  0      0 8596356 212064 4664424    0    0     0     0 6057 10923  2 29 69  0  0
 2  0      0 8596180 212064 4664472    0    0     0     0 6545 9053  1 28 71  0  0
 2  0      0 8595748 212072 4664476    0    0     0    40 5474 9054  1 27 72  0  0
 2  0      0 8596104 212072 4664524    0    0     0  1220 5668 6748  1 26 74  0  0
 2  0      0 8596136 212072 4664540    0    0     0     0 4222 4372  0 25 75  0  0
 3  0      0 8596168 212072 4664540    0    0     0     0 3948 4232  0 25 74  0  0
 3  0      0 8596104 212072 4664580    0    0     0     0 6898 11967  1 30 69  0  0
 2  0      0 8591968 212080 4664644    0    0     0    36 6229 9256  9 24 67  0  0
 2  0      0 8591960 212080 4664676    0    0     0     0 5215 5575  0 25 74  0  0
 2  0      0 8592292 212080 4664676    0    0     0     0 5473 7219  1 25 74  0  0
 4  0      0 8592252 212080 4664704    0    0     0     0 5261 7155  1 26 74  0  0
 2  0      0 8591780 212080 4664728    0    0     0     0 5588 7654  1 27 73  0  0
 2  0      0 8592248 212088 4664756    0    0     0    28 10031 12036  1 28 71  0  0
 2  0      0 8591528 212088 4664788    0    0     0     0 6637 9245  1 28 71  0  0
 2  0      0 8592720 212088 4664808    0    0     0   764 6132 6903  0 28 71  0  0
 2  0      0 8592468 212088 4664824    0    0     0     0 5980 7900  1 26 73  0  0
 2  0      0 8592216 212088 4664860    0    0     0     0 5475 8192  1 28 71  0  0
 1  0      0 8592208 212096 4664852    0    0     0    40 4170 5700  0 29 71  0  0
 2  0      0 8592144 212096 4664908    0    0     0     0 8184 11769  2 28 71  0  0
 2  0      0 8591024 212096 4664944    0    0     0    32 4910 6039  1 26 73  0  0
 3  0      0 8591260 212096 4664952    0    0     0     0 5733 7591  0 28 72  0  0
 2  0      0 8591876 212096 4664984    0    0     0     0 5564 6639  0 25 74  0  0
 2  0      0 8590592 212104 4665008    0    0     0    36 6424 9020  1 27 72  0  0
 2  0      0 8591128 212104 4665028    0    0     0     0 4545 4912  0 25 74  0  0
 2  0      0 8591396 212104 4665048    0    0     0    44 4559 4739  0 28 72  0  0
 1  0      0 8591648 212104 4665064    0    0     0     0 4861 3868  0 29 71  0  0
 2  0      0 8591728 212104 4665108    0    0     0     0 8179 8279  1 29 70  0  0
 3  0      0 8591836 212112 4665124    0    0     0    28 6209 9995  2 28 70  0  0
 2  0      0 8590636 212112 4665188    0    0     0     0 5343 7490  0 25 75  0  0
 2  0      0 8590668 212112 4665204    0    0     0 12604 5710 6422  0 26 74  0  0
 2  0      0 8588220 212112 4665204    0    0     0     0 5720 10563  9 26 66  0  0
 2  0      0 8587032 212112 4665348    0    0     0     0 4534 5303  0 28 72  0  0
 2  0      0 8586384 212120 4665364    0    0     0    32 8534 14564  3 28 70  0  0
 1  0      0 8585888 212120 4665592    0    0     0     0 4103 5463  1 17 82  0  0
 1  0      0 8585392 212120 4665608    0    0     0   672 4659 5706  1 15 84  0  0
 1  0      0 8584992 212120 4665616    0    0     0     0 5604 8891  2 12 85  0  0
 2  0      0 8584376 212120 4665620    0    0     0     0 5326 6873  0 27 73  0  0
 2  0      0 8584384 212128 4665668    0    0     0    48 4823 6168  0 26 74  0  0
 7  0      0 8584748 212128 4665676    0    0     0     0 4512 4977  0 27 73  0  0
 2  0      0 8585272 212128 4665680    0    0     0   624 4800 6147  0 27 73  0  0
 2  0      0 8584744 212128 4665728    0    0     0     0 5007 6751  0 26 73  0  0
 2  0      0 8585036 212128 4665772    0    0     0     0 3542 3098  0 27 73  0  0
 2  0      0 8585060 212136 4665772    0    0     0    28 4018 4295  0 26 73  0  0
 2  0      0 8584564 212136 4665800    0    0     0     0 4482 5325  1 25 75  0  0
 2  0      0 8584596 212136 4665808    0    0     0   540 4147 4309  0 27 72  0  0
 2  0      0 8584344 212136 4665812    0    0     0     0 4159 4707  0 25 74  0  0
 2  0      0 8584312 212136 4665840    0    0     0     0 4402 4980  0 26 74  0  0
 2  0      0 8584700 212144 4665856    0    0     0    40 4951 7071  1 26 73  0  0
 1  0      0 8584508 212144 4665936    0    0     0     0 7192 11154  1 24 74  0  0
 2  0      0 8583800 212144 4665960    0    0     0     0 5285 6865  0 24 76  0  0
 2  0      0 8584392 212144 4665960    0    0     0    32 5173 6687  1 26 74  0  0
 2  0      0 8584392 212144 4665968    0    0     0     0 4685 6127  1 26 73  0  0
 2  0      0 8584440 212144 4665992    0    0     0     0 4598 5416  0 28 72  0  0
 2  0      0 8584464 212152 4666004    0    0     0    40 3774 3443  0 26 74  0  0
 2  0      0 8584716 212152 4666032    0    0     0     0 3702 3437  0 27 73  0  0
 2  0      0 8584464 212152 4666040    0    0     0  5276 4044 3374  0 25 74  0  0
 2  0      0 8584984 212152 4666048    0    0     0     0 3480 3264  0 27 73  0  0
 2  0      0 8581724 212152 4666496    0    0     0     0 8330 13285 11 24 65  0  0
 3  0      0 8580152 212160 4666524    0    0     0    52 7101 11476  1 21 78  0  0
 4  0      0 8579924 212160 4666524    0    0    32     0 5938 8383  2 26 72  0  0
 2  0      0 8580500 212160 4666660    0    0     0     0 8572 9705  1 25 74  0  0
 3  0      0 8580668 212160 4666676    0    0     0     0 5898 8666  1 25 74  0  0
 3  0      0 8580512 212160 4666684    0    0     0     0 5587 9596  1 27 72  0  0
 2  0      0 8580852 212168 4666684    0    0     0    36 4808 5924  0 26 73  0  0
 2  0      0 8580672 212168 4666692    0    0     0     0 4297 5066  0 26 73  0  0
 2  0      0 8580956 212168 4666700    0    0     0     0 5990 9737  1 26 73  0  0
 3  0      0 8581076 212168 4666784    0    0     0     0 7127 11768  1 28 71  0  0
 2  0      0 8580716 212168 4667248    0    0     0     0 6036 8936  0 22 78  0  0
 2  0      0 8580852 212184 4667272    0    0     0   172 5784 8189  1 26 73  0  0
 2  0      0 8580892 212192 4667308    0    0     0    44 5631 7655  1 26 73  0  0
 2  0      0 8580980 212192 4667332    0    0     0     0 5759 6238  0 25 74  0  0
 2  0      0 8581264 212192 4667524    0    0     0     0 5352 6916  1 26 73  0  0
 2  0      0 8581848 212192 4667536    0    0     0     0 5816 9633  1 27 72  0  0
 1  0      0 8581772 212192 4667636    0    0     0     0 6260 7246  1 27 72  0  0
 2  0      0 8579940 212200 4667700    0    0     0    36 8168 13137 17 25 58  0  0
 2  0      0 8579288 212200 4667744    0    0     0     0 5560 7473  1 24 75  0  0
 3  0      0 8579100 212200 4667804    0    0     0     0 5944 9229  1 29 70  0  0
 2  0      0 8579664 212200 4667832    0    0     0     0 5509 7625  1 26 74  0  0
 3  0      0 8579444 212200 4667852    0    0     0     0 5334 7820  1 27 72  0  0
 1  0      0 8580336 212224 4668272    0    0     0   216 7775 11784  1 24 74  0  0
 2  0      0 8579832 212224 4668316    0    0     0     0 5813 7844  0 19 80  0  0
 2  0      0 8580180 212224 4668352    0    0     0     0 5027 6287  0 25 74  0  0
 2  0      0 8581000 212224 4668360    0    0     0     0 5487 7654  1 26 73  0  0
 1  0      0 8581468 212224 4668420    0    0     0     0 6678 12521  2 23 74  0  0
 2  0      0 8581320 212232 4668428    0    0     0    36 5345 7693  1 18 81  0  0
 3  0      0 8581848 212232 4668456    0    0     0   684 5841 7622  1 27 72  0  0
 2  0      0 8582224 212232 4668492    0    0     0     0 5884 8531  1 28 72  0  0
 2  0      0 8582012 212232 4668500    0    0     0     0 3832 4753  1 27 73  0  0
 5  0      0 8583512 212232 4668500    0    0     0     0 5161 7159  1 29 71  0  0
 6  0      0 8516452 212240 4668508    0    0     0    44 5168 8829  5 29 66  0  0
 2  0      0 8518008 212240 4668992    0    0     0 15360 8499 11588 12 29 59  0  0
12  0      0 8518076 212240 4669020    0    0     0     0 4049 5078  2 30 68  0  0
 2  0      0 8508500 212240 4669084    0    0     0     0 5384 8162  3 29 67  0  0
 2  0      0 8507116 212240 4669108    0    0     0     0 5321 6684  1 26 74  0  0
 2  0      0 8514932 212248 4669120    0    0     0    44 4195 5040  1 29 71  0  0
 1  0      0 8515468 212248 4669144    0    0     0     0 5035 8122  2 25 74  0  0
 2  0      0 8515980 212248 4669204    0    0     0     0 6399 10368  4 20 76  0  0
 2  0      0 8516864 212248 4669216    0    0     0     0 5566 7885  1 25 74  0  0
 2  0      0 8517500 212248 4669228    0    0     0     0 5562 8067  2 29 70  0  0
 2  0      0 8544108 212256 4669236    0    0     0    28 4933 6485  5 27 68  0  0
 2  0      0 8544648 212256 4669264    0    0     0     0 4780 5733  1 26 73  0  0
 3  0      0 8548816 212256 4669324    0    0     0    76 5585 10784  2 29 69  0  0
 2  0      0 8550372 212256 4669460    0    0     0     0 6087 9512  1 23 76  0  0
 2  0      0 8551036 212256 4669468    0    0     0     0 6104 7795  1 30 70  0  0
 2  1      0 8551988 212264 4669476    0    0     0    48 5751 8167  1 27 72  0  0
 2  0      0 8537576 212264 4669516    0    0     0     0 6748 13492  2 26 71  0  0
 2  0      0 8538388 212264 4669572    0    0     0     0 5982 8546  1 24 75  0  0
 2  0      0 8538768 212264 4669616    0    0     0     0 5479 7564  1 26 73  0  0
 3  0      0 8540740 212264 4669616    0    0     0     0 5303 8094  1 26 73  0  0
 4  0      0 8543540 212264 4669664    0    0     0     0 6835 10536  2 28 71  0  0
 2  0      0 8547388 212272 4669740    0    0     0    28 6515 9567  2 27 71  0  0
 2  0      0 8547672 212272 4669756    0    0     0     0 4875 6164  1 26 74  0  0
 1  0      0 8549292 212272 4669776    0    0     0     0 5531 8126  1 25 74  0  0
 2  0      0 8555216 212272 4669844    0    0     0     0 6166 13628  2 16 81  0  0
 3  0      0 8555064 212272 4669852    0    0     0     0 5126 6037  0 28 72  0  0
 2  0      0 8555792 212280 4669860    0    0     0    32 4894 5807  0 28 71  0  0
 2  0      0 8559076 212280 4669872    0    0     0   548 6639 8686  1 29 70  0  0
 1  0      0 8563780 212280 4669936    0    0     0     0 5018 7735  2 15 84  0  0
 3  0      0 8564572 212280 4669964    0    0     0     0 5384 8186  1 20 80  0  0
 1  0      0 8588524 212280 4669984    0    0     0     0 6484 11599  1 21 78  0  0
 3  0      0 8588776 212296 4669992    0    0     0    64 5165 7946  1 27 72  0  0
 2  0      0 8589116 212296 4669996    0    0     0  2288 3900 4576  1 26 74  0  0
 2  0      0 8593436 212296 4669996    0    0     0     0 4936 9429  2 27 71  0  0
 2  0      0 8600792 212296 4670080    0    0     0     0 5746 10381  1 29 70  0  0
 1  0      0 8604008 212296 4670152    0    0     0     0 5574 9179  8 13 79  0  0
 2  0      0 8604248 212304 4670192    0    0     0    56 5415 7063  0 27 73  0  0
 2  0      0 8605136 212304 4670196    0    0     0    56 4888 6215  0 29 71  0  0
 2  0      0 8605900 212304 4670196    0    0     0     0 5052 7204  1 29 70  0  0
 3  0      0 8609272 212304 4670248    0    0     0     0 6304 10213  1 29 70  0  0
 0  0      0 8619036 212304 4670328    0    0     0     0 6908 12092  1 23 76  0  0
 1  0      0 8619644 212312 4670352    0    0     0    28 4906 7406  1 16 84  0  0
 2  0      0 8620228 212316 4670348    0    0     0     4 5245 6782  0 26 73  0  0
 1  0      0 8621124 212316 4670360    0    0     0     0 6262 6199  1 29 70  0  0
 3  0      0 8624584 212316 4670404    0    0     0     0 5972 8637  0 29 70  0  0
 2  0      0 8629988 212316 4670424    0    0     0     0 6153 9312  1 28 70  0  0
 2  0      0 8631412 212324 4670448    0    0     0    52 5323 6021  0 27 72  0  0
 2  0      0 8632400 212324 4670672    0    0     0     0 4082 3818  0 28 72  0  0
 1  0      0 8638280 212324 4670732    0    0     0  5104 6248 11005  3 23 74  0  0
 4  0      0 8638280 212324 4670732    0    0     0     0 3343 4566  2 10 88  0  0
 2  0      0 8639352 212324 4670772    0    0     0     0 3716 4160  1 21 78  0  0
 2  0      0 8640548 212332 4670772    0    0     0    48 5225 6932  1 26 73  0  0
 2  0      0 8641252 212332 4670784    0    0     0     0 4433 5133  0 25 75  0  0
 2  0      0 8642564 212332 4670768    0    0     0     0 4399 5404  1 26 74  0  0
 3  0      0 8644484 212332 4670788    0    0     0     0 4323 5329  0 26 74  0  0
 2  0      0 8649224 212332 4670804    0    0     0     0 4471 6864  1 26 73  0  0
 3  0      0 8657832 212340 4670892    0    0     0    28 6684 11284  2 22 76  0  0
 4  0      0 8659496 212340 4670884    0    0     0     0 4839 7490  1 21 78  0  0
 2  0      0 8660760 212340 4670872    0    0     0   256 5270 7009  1 24 75  0  0
 2  0      0 8661280 212340 4670852    0    0     0     0 3838 4211  0 26 74  0  0
 2  0      0 8664764 212340 4670856    0    0     0     0 4586 7090  1 25 74  0  0
 1  0      0 8674860 212348 4670928    0    0     0    40 5667 14366  3 16 81  0  0
 4  0      0 8676324 212348 4670928    0    0     0     0 5173 8742  2 20 78  0  0
 4  0      0 8677880 212348 4670888    0    0     0  1008 5892 7136  0 29 71  0  0
 1  0      0 8679720 212348 4670904    0    0     0     0 5515 8849  1 16 84  0  0
 2  0      0 8680256 212348 4670904    0    0     0     0 3691 4047  0 20 79  0  0
 2  0      0 8680272 212356 4670928    0    0     0    56 3662 3840  0 25 75  0  0
 2  0      0 8687428 212356 4670952    0    0     0     0 4963 8318  1 26 72  0  0
 1  0      0 8700728 212356 4670984    0    0     0   536 6759 12133  1 27 72  0  0
 1  0      0 8708176 212356 4670996    0    0     0     0 5787 11340  7 15 79  0  0
 2  0      0 8714444 212356 4671044    0    0     0     0 5730 11142  2 15 83  0  0
 0  0      0 8719232 212356 4671120    0    0     0     0 5011 9432  2 12 86  0  0
 2  0      0 8721412 212364 4671124    0    0     0    48 4461 7715  3 13 84  0  0
 0  0      0 8732724 212364 4671196    0    0     0     0 4940 12668  2 15 83  0  0
 2  0      0 8735752 212364 4671160    0    0     0     0 3920 7188  1 12 87  0  0
 2  0      0 8737728 212364 4671168    0    0     0     0 3963 6613  2 12 86  0  0
 2  0      0 8737824 212364 4671724    0    0     0     0 3990 5904  2 16 82  0  0
 2  0      0 8739372 212372 4671836    0    0     0    44 4141 5243  1 28 72  0  0
 2  0      0 8751632 212372 4671852    0    0     0  1852 6719 12004  1 27 72  0  0
 1  0      0 8763912 212372 4671936    0    0     0     0 6303 11900  1 19 80  0  0
 2  0      0 8764632 212372 4671952    0    0     0     0 3848 5958  2  9 89  0  0
 1  0      0 8764092 212372 4671952    0    0     0     0 4935 8560  3 12 85  0  0
 1  0      0 8781248 212380 4672004    0    0     0    48 5773 14954  2 17 80  0  0
 0  0      0 8790396 212380 4672072    0    0     0     0 4773 10651  2 10 88  0  0
 2  0      0 8791528 212380 4672076    0    0     0     0 3967 6823  1 13 86  0  0
 1  0      0 8799996 212380 4672084    0    0     0     0 5320 10953  2 25 74  0  0
 0  0      0 8804460 212380 4672124    0    0     0     0 4463 8387  1 10 88  0  0
 0  0      0 8811784 212388 4672184    0    0     0    28 4976 10468  1 14 84  0  0
 1  0      0 8814644 212388 4672192    0    0     0     0 4123 7885  2 11 87  0  0
 0  0      0 8821852 212388 4672224    0    0     0     0 4583 9120  2 12 87  0  0
 0  0      0 8827420 212388 4672212    0    0     0     0 4546 9538  3 13 84  0  0
 0  0      0 8835628 212388 4672196    0    0     0     0 5724 13809  3 15 82  0  0
 2  0      0 8843032 212396 4672252    0    0     0    36 4819 11127  2 14 83  0  0
 2  0      0 8846908 212396 4672264    0    0     0     0 3799 8226  3 13 84  0  0
 1  0      0 8851364 212396 4672276    0    0     0  1480 4005 8346  1 14 85  0  0
 1  0      0 8855424 212396 4672296    0    0     0     0 3857 7290  2 14 84  0  0
 1  0      0 8859360 212396 4672312    0    0     0     0 3357 6097  2 15 84  0  0
 3  0      0 8862608 212404 4672308    0    0     0    44 3746 7219  2 14 84  0  0
 1  0      0 8864780 212404 4672356    0    0     0     0 2805 4804  2 12 86  0  0
 2  0      0 8868364 212412 4672356    0    0     0    64 3500 6372  2 14 85  0  0
 1  0      0 8870700 212412 4672376    0    0     0     0 2816 4898  2 12 86  0  0
 1  0      0 8870888 212412 4673524    0    0     0     0 2590 4063  2 13 86  0  0
 2  0      0 8874824 212412 4673428    0    0     0     0 3272 5541  2 14 84  0  0
 5  0      0 8876008 212412 4673472    0    0     0     0 2535 4035  2 12 87  0  0
 3  0      0 8877940 212420 4673468    0    0     0  1796 2632 4202  1 12 86  0  0
 0  0      0 8879648 212420 4673468    0    0     0     0 2689 4352  2 11 87  0  0
 0  0      0 8881056 212420 4673456    0    0     0     0 2467 4188  3 11 86  0  0
 2  0      0 8883224 212420 4673512    0    0     0     0 2600 4138  2 12 86  0  0
 0  0      0 8885160 212420 4673516    0    0     0     0 2528 4136  1 10 89  0  0
 0  0      0 8885824 212428 4673528    0    0     0    44 2190 3307  1  9 90  0  0
 1  0      0 8887912 212428 4673528    0    0     0     0 2607 4252  2 11 87  0  0
 2  0      0 8888056 212428 4673528    0    0     0     0 2056 2951  2  8 90  0  0
 0  0      0 8889672 212428 4673556    0    0     0     0 2243 3433  1 10 89  0  0
 1  0      0 8889580 212428 4673560    0    0     0     0 2174 2978  1  9 90  0  0
 0  0      0 8890624 212436 4673548    0    0     0   716 2060 2940  1  9 90  0  0
 0  0      0 8891480 212436 4673548    0    0     0     0 2238 3201  2  9 89  0  0
 2  0      0 8892244 212436 4673536    0    0     0     0 2989 5759  1 11 88  0  0
 1  0      0 8892756 212436 4673540    0    0     0     0 2087 2861  1  9 90  0  0
 0  0      0 8893604 212436 4673564    0    0     0     0 2112 3071  2  9 89  0  0
 0  0      0 8893684 212444 4673540    0    0     0  2268 2033 2782  1  8 91  0  0
 4  0      0 8894104 212444 4673536    0    0     0     0 2018 3189  2  8 89  0  0
 1  0      0 8895204 212444 4673532    0    0     0     0 2516 4793  4 11 86  0  0
 1  0      0 8895332 212444 4673516    0    0     0     0 2125 4010  3  8 89  0  0
 1  0      0 8895736 212444 4673532    0    0     0     0 1946 3386  2  7 91  0  0
 6  0      0 8895824 212444 4673532    0    0     0     0 1668 2383  1  8 91  0  0
 1  0      0 8896464 212452 4673532    0    0     0    40 1896 2686  2  8 90  0  0
 0  0      0 8896924 212452 4673532    0    0     0     0 1826 2783  1  6 92  0  0
 0  0      0 8897020 212452 4673544    0    0     0     0 1618 2317  1  6 92  0  0
 0  0      0 8897384 212452 4673568    0    0     0     0 1514 2378  2  6 92  0  0
 0  0      0 8897668 212452 4673572    0    0     0     0 1686 2504  2  7 91  0  0
 2  0      0 8898096 212460 4673568    0    0     0    68 1638 2358  2  7 92  0  0
 0  0      0 8898508 212460 4673568    0    0     0     0 1832 2689  2  8 90  0  0
 0  0      0 8898572 212460 4673716    0    0     0     0 1399 2105  1  6 92  0  0
 2  0      0 8898572 212468 4673740    0    0     0    32 1589 2410  1  8 92  0  0
 0  1      0 8898448 212468 4673744    0    0     0   292 1592 2248  1  7 92  0  0
 2  0      0 8898448 212468 4673744    0    0     0   572 1328 1934  1  6 94  0  0
 0  0      0 8898496 212468 4673744    0    0     0     0 1464 2156  1  7 92  0  0
 1  0      0 8898520 212468 4673724    0    0     0     0 1277 1900  1  5 94  0  0
 0  0      0 8898916 212476 4673708    0    0     0    44 1670 2460  1  6 93  0  0
 1  0      0 8899124 212476 4673728    0    0     0     0 1442 2132  1  6 92  0  0
 1  0      0 8899148 212476 4673728    0    0     0     0 1412 2446  1  6 93  0  0
 0  0      0 8899464 212476 4673740    0    0     0     0 3137 7993  1 11 87  0  0
 0  0      0 8899712 212476 4673752    0    0     0     0 1376 1904  1  6 93  0  0
 1  0      0 8900092 212484 4673800    0    0     0    28 1744 2583  2  7 91  0  0
 1  0      0 8900188 212484 4673800    0    0     0     0 1522 2214  2  5 93  0  0
 1  0      0 8900212 212484 4673800    0    0     0  3804 1700 2338  2  6 93  0  0
 1  0      0 8900528 212484 4673800    0    0     0     0 1625 2319  2  6 92  0  0
 2  0      0 8900560 212484 4673800    0    0     0     0 1302 1878  1  5 94  0  0
 1  0      0 8900560 212492 4673800    0    0     0    44 1611 2335  2  6 92  0  0
 1  0      0 8900640 212492 4673820    0    0     0     0 1366 2003  2  5 93  0  0
 1  0      0 8900640 212492 4673820    0    0     0     0 1425 1920  1  5 94  0  0
 1  0      0 8900452 212492 4673820    0    0     0     0 2644 4977  3  7 90  0  0
 1  0      0 8900452 212492 4673820    0    0     0     0 2121 2413  2  6 92  0  0
 0  0      0 8900476 212492 4673820    0    0     0     0 2087 4171  2  6 91  0  0
 0  0      0 8900792 212500 4673820    0    0     0    36 1469 2165  1  6 93  0  0
 0  0      0 8900880 212500 4673824    0    0     0   484 1500 2079  1  6 93  0  0
 0  0      0 8900880 212500 4673824    0    0     0     0 1383 1946  1  4 95  0  0
 0  0      0 8900896 212500 4673824    0    0     0     0 1244 1829  1  6 93  0  0
 0  0      0 8900896 212500 4673828    0    0     0     0 1243 1882  1  5 94  0  0
 1  0      0 8900936 212508 4673824    0    0     0    36 1131 1700  1  4 96  0  0
 1  0      0 8900936 212508 4673844    0    0     0     0 1329 1911  1  5 94  0  0
 0  0      0 8901144 212508 4673840    0    0     0     0 1243 1843  1  4 95  0  0
 0  0      0 8901160 212508 4673840    0    0     0     0 1432 2100  1  5 94  0  0
 1  0      0 8901288 212508 4673840    0    0     0     0 1398 1990  1  5 94  0  0
 0  0      0 8901288 212516 4673840    0    0     0    24 1378 1988  1  6 93  0  0
 0  0      0 8901620 212516 4673852    0    0     0     0 1384 1915  1  5 94  0  0
 1  0      0 8901888 212516 4673852    0    0     0     0 1426 2111  1  6 93  0  0
 0  0      0 8901896 212516 4673852    0    0     0     0 1586 2359  1  7 92  0  0
 0  0      0 8901780 212516 4673856    0    0     0     0 1678 2339  1  7 92  0  0
 0  0      0 8901780 212524 4673856    0    0     0    32 1495 2106  1  6 93  0  0
 1  0      0 8901796 212524 4673872    0    0     0   528 1606 2341  1  6 93  0  0
 0  0      0 8902112 212524 4673876    0    0     0     0 1535 2206  2  6 92  0  0
 0  0      0 8902372 212524 4673904    0    0     0     0 2571 6149  2  9 90  0  0
 2  0      0 8902372 212524 4673904    0    0     0     0 7150 11764  1 13 85  0  0
 2  0      0 8902380 212524 4673904    0    0     0     0 2723 4666  1  9 90  0  0
 0  0      0 8902468 212532 4673956    0    0     0  7028 9274 11823  1 16 83  0  0
 0  0      0 8902468 212532 4673960    0    0     0     0 1439 2152  1  6 93  0  0
 0  0      0 8902880 212532 4673960    0    0     0     0 1840 2652  1  9 89  0  0
 0  0      0 8903512 212532 4673960    0    0     0     0 1489 2143  1  5 93  0  0
 0  0      0 8903624 212532 4673956    0    0     0     0 1557 2302  1  6 93  0  0
 2  0      0 8903380 212540 4673976    0    0     0    32 1767 2911  2  8 90  0  0
 0  0      0 8903380 212540 4673980    0    0     0     0 1560 3326  2  5 92  0  0
 1  0      0 8903396 212540 4673988    0    0     0     0 1705 3194  3  7 91  0  0
 0  0      0 8903500 212540 4673972    0    0     0     0 1617 3295  3  5 92  0  0
 3  0      0 8903500 212540 4673972    0    0     0     0 1238 1874  1  5 94  0  0
 0  0      0 8903784 212548 4673972    0    0     0    36 1649 2608  2  8 90  0  0
 0  0      0 8903784 212548 4673996    0    0     0     0 1261 1952  1  5 94  0  0
 1  0      0 8903816 212548 4674000    0    0     0     0 1208 1833  1  6 94  0  0
 0  0      0 8903816 212548 4674000    0    0     0     0 1325 2081  1  5 94  0  0
 0  0      0 8903880 212548 4674000    0    0     0     0 1279 1994  1  5 94  0  0
 1  0      0 8903628 212556 4673992    0    0     0    24 1425 2171  1  7 92  0  0
 0  0      0 8903724 212556 4674004    0    0     0  2328 1349 1933  1  5 94  0  0
 0  0      0 8904016 212556 4674024    0    0     0     0 1252 1862  1  5 94  0  0
 0  0      0 8904016 212556 4674024    0    0     0     0 1251 1843  1  4 95  0  0
 0  0      0 8904016 212556 4674024    0    0     0     0 1078 1664  1  4 95  0  0
 1  0      0 8904016 212556 4674024    0    0     0     0 1247 1878  1  4 95  0  0
 0  0      0 8904080 212564 4674040    0    0     0    44 1289 1978  1  4 94  0  0
 0  0      0 8904364 212564 4674044    0    0     0     0 1138 1757  1  5 94  0  0
 1  0      0 8904364 212564 4674052    0    0     0     0 1225 1702  1  4 95  0  0
 0  0      0 8904932 212564 4674052    0    0     0     0 1470 2056  1  7 92  0  0
 2  0      0 8904712 212564 4674052    0    0     0     0 1166 1677  1  5 94  0  0
 1  0      0 8904712 212572 4674072    0    0     0    88 1201 1831  1  5 93  0  0
 1  0      0 8904760 212572 4674056    0    0     0     0 1378 1962  1  6 93  0  0
 2  0      0 8904760 212572 4674056    0    0     0     0 1152 1692  1  5 94  0  0
 2  0      0 8904824 212572 4674056    0    0     0     0 1063 1606  1  4 95  0  0
 0  0      0 8904824 212572 4674056    0    0     0     0 1134 1670  1  4 95  0  0
 0  0      0 8904888 212580 4674056    0    0     0    28 1297 2000  1  6 93  0  0
 0  0      0 8904888 212580 4674060    0    0     0     0 1167 1775  1  4 95  0  0
 0  0      0 8904952 212580 4674080    0    0     0     0 1045 1527  1  4 95  0  0
 3  0      0 8905268 212580 4674080    0    0     0     0 1320 1834  1  5 94  0  0
 0  0      0 8905268 212580 4674104    0    0     0     0 1161 1691  1  5 94  0  0
 0  0      0 8905252 212588 4674100    0    0     0   628 1887 4624  5  7 88  0  0
 0  0      0 8905260 212588 4674152    0    0     0     0 1101 1597  1  5 94  0  0
 0  0      0 8905268 212588 4674152    0    0     0     0 1558 3723  4  5 91  0  0
 0  0      0 8905268 212588 4674152    0    0     0     0  928 1401  1  4 95  0  0
 0  0      0 8905268 212588 4674152    0    0     0     0  961 1517  1  4 95  0  0
 0  0      0 8905584 212596 4674152    0    0     0   604 1330 1837  1  5 94  0  0
 0  0      0 8905584 212596 4674152    0    0     0     0  834 1276  1  3 96  0  0
 1  0      0 8905584 212596 4674172    0    0     0     0 1031 1634  1  4 95  0  0
 1  0      0 8905584 212596 4674172    0    0     0     0  899 1380  1  4 95  0  0
 1  0      0 8905584 212596 4674172    0    0     0     0 1019 1519  1  5 95  0  0
 1  0      0 8905584 212604 4674176    0    0     0   280  975 1379  1  4 95  0  0
 1  0      0 8905584 212604 4674176    0    0     0     0  935 1410  1  4 95  0  0
 1  0      0 8905584 212604 4674176    0    0     0     0  800 1206  0  4 96  0  0
 1  0      0 8905584 212604 4674216    0    0     0     0 1002 1495  1  4 95  0  0
 1  0      0 8905584 212604 4674216    0    0     0     0 1042 1412  1  4 95  0  0
 1  0      0 8905584 212604 4674216    0    0     0     0  938 1376  1  4 95  0  0
 1  0      0 8905584 212612 4674216    0    0     0    28 1001 1405  1  4 95  0  0
 1  0      0 8905584 212612 4674216    0    0     0     0 1057 1327  1  4 95  0  0
 1  0      0 8905584 212612 4674216    0    0     0     0  942 1435  0  4 95  0  0
 1  0      0 8905584 212612 4674236    0    0     0     0 1002 1484  0  5 95  0  0
 1  0      0 8905584 212612 4674236    0    0     0     0  932 1407  0  4 95  0  0
 1  0      0 8905584 212612 4674236    0    0     0   324 1047 1370  0  4 95  0  0
 0  0      0 8905584 212620 4674240    0    0     0    28  955 1383  1  4 95  0  0
 2  0      0 10224644 212620 4674204    0    0     0     8 2739 8640  4 10 86  0  0
 0  0      0 10224864 212620 4674204    0    0     0     0 1764 5165  1  7 92  0  0
 0  0      0 10224864 212620 4674204    0    0     0     0 1196 2635  2  4 95  0  0
MEDIA
NR:  570 CPU:  22.0616
