    #Muestra numJDBCCount numHTTPCount     numHTTPQ
           0            0            5          563
           1            0            5          433
           2            0            5          205
           3            0            5           93
           4            0            5          122
           5            0            5          134
           6            0            5          157
           7            0            5          207
           8            0            5          264
           9            0            5          312
          10            0            5          569
          11            0            5          376
          12            2            5          125
          13            1            5          110
          14            0            5          143
          15            0            5          188
          16            0            5          217
          17            0            5          273
          18            0            5          296
          19            0            5          512
          20            1            5          529
          21            0            5          566
          22            2            5          299
          23            1            5          143
          24            0            5          145
          25            0            5          233
          26            0            5          284
          27            0            5          340
          28            0            5          360
          29            0            5          428
          30            0            5          470
          31            0            5          531
          32            0            5          518
          33            0            5          546
          34            0            5          566
          35            1            5          501
          36            2            5          306
          37            1            5          273
          38            0            5          332
          39            0            5          378
          40            0            5          403
          41            0            5          454
          42            0            5          488
          43            0            5          527
          44            1            5          525
          45            0            5          481
          46            0            5          359
          47            0            5          392
          48            0            5          525
          49            0            5          525
          50            1            5          434
          51            2            5          268
          52            0            5          284
          53            0            5          327
          54            0            5          328
          55            0            5          381
          56            2            5          311
          57            0            5          396
          58            0            5          508
          59            0            5          510
          60            0            5          514
          61            0            5          480
          62            0            5          448
          63            0            5          492
          64            1            5          288
          65            0            5          165
          66            0            5          161
          67            0            5          204
          68            0            5          223
          69            0            5          252
          70            1            5          219
          71            0            5          242
          72            0            5          273
          73            0            5          342
          74            0            5          393
          75            0            5          451
          76            0            5          513
          77            1            5          478
          78            0            5          476
          79            0            5          472
          80            2            5           44
          81            0            5           76
          82            0            5          117
          83            0            5          174
          84            0            5          232
          85            0            5          296
          86            0            5          319
          87            0            5          336
          88            0            5          412
          89            0            5          442
          90            0            5          504
          91            0            5          488
          92            0            5          562
          93            2            5          423
          94            0            5          324
          95            0            5          374
          96            0            5          396
          97            0            5          414
          98            1            5          288
          99            0            5          367
         100            0            5          437
         101            0            5          478
         102            0            5          522
         103            0            5          568
         104            2            5          365
         105            1            5          271
         106            2            5            0
         107            0            3            0
         108            0            5           44
         109            0            5           32
         110            0            5           64
         111            0            5           83
         112            0            5           68
         113            0            5           78
         114            0            5           93
         115            0            5          108
         116            0            5          139
         117            0            5          248
         118            0            5          518
         119            0            5          477
         120            0            5          360
         121            1            5          348
         122            0            5          306
         123            1            5          310
         124            2            5          333
         125            0            5          533
         126            0            5          554
         127            1            5          498
         128            1            5          363
         129            0            5          304
         130            0            5          347
         131            0            5          356
         132            0            5          528
         133            0            5          525
         134            1            5          513
         135            0            5          485
         136            0            5          483
         137            1            5          540
         138            0            5          424
         139            2            5          303
         140            0            5          345
         141            0            5          429
         142            0            5          477
         143            0            5          531
         144            0            5          537
         145            0            5          489
         146            1            5          483
         147            0            5          526
         148            1            5          492
         149            0            5          368
         150            1            5          338
         151            0            5          361
         152            0            5          464
         153            0            5          502
         154            1            5          505
         155            2            5          328
         156            2            5          281
         157            2            5          311
         158            0            5          359
         159            0            5          429
         160            0            5          520
         161            0            5          518
         162            1            5          440
         163            2            5          258
         164            0            5          287
         165            0            5          342
         166            1            5          440
         167            0            5          491
         168            0            5          504
         169            1            5          183
         170            0            5          179
         171            0            5          260
         172            0            5          499
         173            0            5          488
         174            1            5          483
         175            1            5          439
         176            0            5          488
         177            0            5          527
         178            1            5          522
         179            1            5          506
         180            1            5          481
         181            1            5          398
         182            1            5          415
         183            0            5          429
         184            0            5          455
         185            1            5          493
         186            0            5          481
         187            1            5          504
         188            0            5          508
         189            0            5          498
         190            0            5          546
         191            1            5          447
         192            1            5          366
         193            1            5          339
         194            0            5          400
         195            0            5          504
         196            0            5          523
         197            0            5          482
         198            3            5          346
         199            0            5          534
         200            0            5          365
         201            1            5          239
         202            1            5          186
         203            0            5          221
         204            0            5          273
         205            0            5          341
         206            0            5          356
         207            0            5          348
         208            0            5          449
         209            0            5          510
         210            0            5          525
         211            0            5          518
         212            1            5          486
         213            2            5          417
         214            0            5          507
         215            0            5          509
         216            0            5          444
         217            0            5          364
         218            0            5          323
         219            2            5          492
         220            0            5          335
         221            0            5          340
         222            0            5          409
         223            0            5          491
         224            0            5          514
         225            1            5          400
         226            0            5          513
         227            1            5          434
         228            0            5          480
         229            0            5          510
         230            0            5          512
         231            1            5          434
         232            1            5          411
         233            0            5          492
         234            0            5          502
         235            0            5          499
         236            1            5          416
         237            1            5          410
         238            0            5          528
         239            0            5          492
         240            1            5          486
         241            0            5          529
         242            1            5          462
         243            1            5          422
         244            0            5          379
         245            0            5          493
         246            0            5          513
         247            1            5          415
         248            0            5          252
         249            1            5           49
         250            0            5           65
         251            0            5           84
         252            0            5           92
         253            0            5          116
         254            0            5          141
         255            0            5          159
         256            0            5          177
         257            0            5          187
         258            0            5          194
         259            0            5          156
         260            0            5          170
         261            0            5          195
         262            0            5          283
         263            0            5          486
         264            1            5          513
         265            0            5          551
         266            0            5          558
         267            0            5          545
         268            2            5          352
         269            0            5          350
         270            0            5          385
         271            0            5          450
         272            0            5          513
         273            0            5          569
         274            1            5          517
         275            1            5          352
         276            0            5          309
         277            1            5          269
         278            1            5          284
         279            0            5          332
         280            0            5          422
         281            0            5          531
         282            0            5          526
         283            0            5          503
         284            0            5          516
         285            1            5          525
         286            0            5          490
         287            1            5          282
         288            0            5          355
         289            0            5          428
         290            0            5          493
         291            0            5          478
         292            0            5          525
         293            1            5          485
         294            1            5          446
         295            1            5          371
         296            0            5          433
         297            0            5          498
         298            0            5          504
         299            0            5          494
         300            1            5          490
         301            1            5          445
         302            2            5          337
         303            0            5          333
         304            0            5          409
         305            0            5          440
         306            0            5          480
         307            1            5          496
         308            0            5          481
         309            1            5          454
         310            1            5          365
         311            0            5          471
         312            0            5          517
         313            0            5          482
         314            0            5          335
         315            1            5          532
         316            0            5          482
         317            1            5          259
         318            1            5          274
         319            0            5          339
         320            0            5          419
         321            0            5          487
         322            0            5          483
         323            0            5          484
         324            0            5          425
         325            0            5          370
         326            0            5          391
         327            0            5          435
         328            0            5          475
         329            1            5          479
         330            0            5          473
         331            0            5          475
         332            0            5          494
         333            0            5          492
         334            0            5          477
         335            0            5          438
         336            0            5          505
         337            1            5          411
         338            0            5          411
         339            0            5          403
         340            0            5          524
         341            3            5          289
         342            1            5          221
         343            0            5          248
         344            0            5          500
         345            0            5          467
         346            0            5          461
         347            1            5          413
         348            2            5          358
         349            0            5          186
         350            0            5          250
         351            0            5          494
         352            1            5          485
         353            2            5          297
         354            0            5          200
         355            1            5          222
         356            0            5          451
         357            0            5          497
         358            1            5          489
         359            1            5          434
         360            0            5          515
         361            1            5          471
         362            2            5          330
         363            1            5          246
         364            0            5          352
         365            0            5          456
         366            0            5          521
         367            2            5          406
         368            1            5          339
         369            2            5          197
         370            0            5          256
         371            0            5          326
         372            0            5          502
         373            0            5          418
         374            0            5          373
         375            0            5          274
         376            0            5          232
         377            0            5          369
         378            0            5          405
         379            0            5          475
         380            0            5          525
         381            1            5          320
         382            0            5          360
         383            0            5          197
         384            0            5            2
         385            0            5           84
         386            0            5          232
         387            0            5          363
         388            1            5          343
         389            0            5          482
         390            0            5          421
         391            0            5          531
         392            1            5          504
         393            2            5          367
         394            0            5          192
         395            0            5          283
         396            0            5          538
         397            0            5          438
         398            0            5          468
         399            1            5          232
         400            0            5          216
         401            0            5          300
         402            0            5           16
         403            0            5          107
         404            0            5          116
         405            0            5           57
         406            0            4            0
         407            0            2            0
         408            0            0            0
         409            0            4            0
         410            0            0            0
         411            0            0            0
         412            0            2            0
         413            0            0            0
         414            0            1            0
         415            0            0            0
         416            0            0            0
         417            0            0            0
         418            0            0            0
         419            0            0            0
         420            0            0            0
         421            0            0            0
         422            0            0            0
         423            0            0            0
         424            0            0            0
         425            0            0            0
         426            0            0            0
         427            0            0            0
         428            0            0            0
         429            0            0            0
         430            0            0            0
         431            0            0            0
         432            0            0            0
         433            0            0            0
         434            0            0            0
         435            0            0            0
         436            0            0            0
         437            0            0            0
         438            0            0            0
         439            0            0            0
         440            1            0            0
         441            0            0            0
         442            0            0            0
         443            0            0            0
         444            0            0            0
         445            0            0            0
         446            0            0            0
         447            0            0            0
         448            0            0            0
         449            0            0            0
         450            0            0            0
         451            0            0            0
         452            0            1            0
         453            0            0            0
         454            0            0            0
         455            0            0            0
         456            0            0            0
         457            0            0            0
         458            0            0            0
         459            0            0            0
         460            0            0            0
         461            0            0            0
         462            0            0            0
         463            0            0            0
         464            0            0            0
         465            0            0            0
         466            0            0            0
         467            0            0            0
         468            0            0            0
         469            0            0            0
         470            0            0            0
         471            0            0            0
         472            0            0            0
         473            0            0            0
         474            0            0            0
         475            0            0            0
         476            0            0            0
         477            0            0            0
         478            0            0            0
         479            0            0            0
         480            0            0            0
         481            0            0            0
         482            0            0            0
         483            0            0            0
         484            0            0            0
         485            0            0            0
         486            0            0            0
         487            0            0            0
         488            0            0            0
         489            0            0            0
         490            0            0            0
         491            0            0            0
         492            0            0            0
         493            0            0            0
         494            0            0            0
         495            0            0            0
         496            0            0            0
         497            0            0            0
         498            0            0            0
         499            0            0            0
         500            0            0            0
         501            0            0            0
         502            1            0            0
         503            0            0            0
         504            0            0            0
         505            0            0            0
         506            0            0            0
         507            0            0            0
         508            0            0            0
         509            0            0            0
         510            0            0            0
         511            0            0            0
         512            0            0            0
         513            0            0            0
         514            0            0            0
         515            0            0            0
         516            0            0            0
         517            0            0            0
         518            0            0            0
         519            0            0            0
         520            0            0            0
         521            0            0            0
         522            0            0            0
         523            0            0            0
         524            0            0            0
         525            0            0            0
         526            0            0            0
         527            0            0            0
         528            0            0            0
         529            0            0            0
         530            0            0            0
         531            0            0            0
         532            0            0            0
         533            0            0            0
         534            0            0            0
         535            0            0            0
         536            0            0            0
         537            0            0            0
         538            0            0            0
         539            0            0            0
         540            0            0            0
         541            0            0            0
         542            0            0            0
         543            0            0            0
         544            0            0            0
         545            0            0            0
         546            0            0            0

TOT.MUESTRAS        MEDIA:
         547     0.259598      3.73309      281.492
