    #Muestra numJDBCCount numHTTPCount     numHTTPQ
           0            0            5          550
           1            0            5          575
           2            1            5          569
           3            4            5          554
           4            5            5          420
           5            4            5            0
           6            3            5          185
           7            3            5          259
           8            3            5          183
           9            2            5          226
          10            0            5          557
          11            4            5          411
          12            5            5           54
          13            3            5          172
          14            5            5          285
          15            2            5            0
          16            4            5           63
          17            4            5          109
          18            3            5           38
          19            1            5          313
          20            0            5          560
          21            4            5          544
          22            5            5          388
          23            0            5          249
          24            3            5          391
          25            0            5          416
          26            2            5          572
          27            0            5          468
          28            3            5          433
          29            2            5          321
          30            4            5           67
          31            1            5           56
          32            0            5          175
          33            0            5          434
          34            5            5          497
          35            5            5          295
          36            5            5            4
          37            0            5            0
          38            5            5          432
          39            5            5           22
          40            4            3            0
          41            2            5          239
          42            0            5          105
          43            4            5           19
          44            4            5          196
          45            2            5          266
          46            3            5           65
          47            4            5           28
          48            5            5           19
          49            0            5          305
          50            4            5          394
          51            2            5          120
          52            4            5            3
          53            3            5          177
          54            2            5          205
          55            4            5          142
          56            4            5          142
          57            5            5           13
          58            4            5           81
          59            2            5            7
          60            2            5            3
          61            4            5            8
          62            3            5            0
          63            1            1            0
          64            3            0            0
          65            4            3            0
          66            0            5            0
          67            0            2            0
          68            0            1            0
          69            1            0            0
          70            0            0            0
          71            0            0            0
          72            0            0            0
          73            0            2            0
          74            0            0            0
          75            0            0            0
          76            0            0            0
          77            0            0            0
          78            0            0            0
          79            0            0            0
          80            0            0            0
          81            0            0            0
          82            0            0            0
          83            0            0            0
          84            0            0            0
          85            0            0            0
          86            0            0            0
          87            0            0            0
          88            0            0            0

TOT.MUESTRAS        MEDIA:
          89      2.07865      3.67416      161.618
