procs -----------memory---------- ---swap-- -----io---- -system-- ----cpu----
 r  b   swpd   free   buff  cache   si   so    bi    bo   in   cs us sy id wa
 1  0  90520  60380    524  32312    7   11    23    16  171  250  5  2 93  0
 0  0  90520  60380    524  32336    0    0     0     0   76   93  0  0 100  0
 0  0  90520  60380    524  32336    0    0     0     0   58   98  0  0 100  0
 0  0  90520  60380    524  32336    0    0     0     0   45   84  0  0 100  0
 0  0  90520  60380    524  32344    0    0     0     0  983 1227  7  9 85  0
 0  0  90520  60412    532  32396    0    0     0    64 1605 2325 13 15 73  0
 2  0  90520  60224    532  32460    0    0     0     0 2261 3307 13 13 75  0
 1  0  90476  60100    532  32540   56    0    56     0 3477 5535 21 12 66  0
 0  0  90476  60008    532  32676    0    0     0     0 3250 6212 30 19 51  0
 2  0  90476  59568    532  32812    0    0     0     0 3216 6354 28 27 46  0
 8  0  90416  59612    540  33116   32    0    84    12 3750 8227 32 27 40  0
 0  0  90416  30276    580  41948    0    0  8644     0 4254 8234 57 24 18  2
 0  0  90280  16040    580  47484  160    0  5516     0 3422 7427 52 23 22  2
 2  0  90172  14436    580  47708  112    0   112     0 3883 7774 49 24 28  0
 4  0  90024  13424    580  48064  172    0   360     0 4051 7300 51 22 27  0
 0  0  89920  12944    588  48124   96    0    96    72 3805 7572 50 24 26  1
 1  0  89864  12140    588  48420   64    0    64     0 4391 9943 45 27 29  0
 0  0  89496  12444    588  48704  348    0   368     0 4373 10110 43 22 36  0
 6  0  88484  10876    588  48780  968    0   968     0 3374 6891 33 18 49  0
 0  0  88484   9312    588  49080    0    0     0     0 4560 9264 42 22 37  0
 0  0  87752   8176    596  49284  708    0   708    36 4239 9447 43 23 35  0
 1  0  88200   7848    596  48804  616 1024   616  1024 3575 7084 36 23 42  0
 0  0  90680   8584    580  47804  796 2944   856  2944 2257 3116 18  5 74  3
 0  0  90256   8152    580  47812  528    0   528     0  779  481 13  1 86  0
 0  0  89796   7780    580  47812  400    0   400     0  319  416 10  1 90  1
 0  0  89192   8276    580  47544  520    0   520    20  647  431 10  1 73 16
 0  0  89004   8400    580  47564  160    0   160     0  325  371  9  1 90  0
 0  0  88416   7780    580  47564  544    0   544     0  319  522  9  1 89  0
 0  0  93432   8648    560  46316  240 5308  1012  5308  861  674 12  1 79  7
 0  0  92996   8276    560  46316  448    0   448     0  354  368  9  0 91  0
 0  0  92876   8276    560  46316  128    0   128     0  272  379  8  0 92  0
 0  0  92164   8524    568  45772  680    0   680    16  310  385  8  1 70 20
16  1  92164   8524    568  45844    0    0    72     0   14   26  0  0 100  0
 0  0  90920   8496    556  45688 1096    0  1096  1716  602  860  2  0 94  3
 0  0  90604   8808    556  45684  316    0   316     0  318  415 11  1 88  0
 0  0  90488   9116    556  45692  124    0   132     0  327  380 10  3 87  0
 0  0  90436   9104    556  45736   64    0   108     0  397  454 12  2 86  0
 1  0  90328   8124    564  45728  128    0   128   112  474  460 15  4 81  0
 2  1  90148   7620    556  45500  248    0   248     0  963  913 80 16  5  0
 2  0  90072   8392    556  45484   80    0    80     0  953  905 83 16  0  0
 3  0  90072   8268    556  45488    0    0     0     0  900  827 85 13  2  0
 2  0  89944   8504    556  45488   96    0    96     0  915  860 83 15  2  0
 3  0  89824   8576    556  45488  124    0   124  1288 1247 1334 84 15  1  1
 2  0  89752   8512    564  45492   64    0    64    24 1367 1271 87 12  2  0
 3  0  89592   8356    564  45496  148    0   148     0 1074  910 86 14  1  0
 2  0  89156   7612    564  45496  292    0   292     0 1209 1077 75 13 13  0
 2  0  88984   8480    532  45020  224    0   224     0  936  626 85 15  1  0
 2  0  88904   8356    532  45020  192    0   192     0  888  586 83 17  1  0
 2  0  88808   8232    532  45020  112    0   112     0  881  565 88 10  1  0
 2  0  88684   8108    540  45012  204    0   204    28  994  679 84 16  1  0
 2  0  88452   7860    540  45040  212    0   212     0  954  661 86 14  1  0
 2  0  88452   7860    540  45020    0    0     0     0  862  721 86 14  0  0
 2  0  88356   7860    540  45020    0    0     0     0  825  568 86 14  1  0
 2  0  88124   7860    540  45024   52    0    52     0  829  693 84 15  1  0
 2  0  88124   7736    540  45024    0    0     0     0  744  582 84 16  1  0
 2  0  88124   7736    540  45024    0    0     0     0  868  735 86 13  0  0
 2  0  88120   7736    540  45024    0    0     0     0  782  655 86 14  1  0
 2  0  87812   7612    540  45024  180    0   180     0  756  574 83 16  2  0
 2  0  87788   7620    548  45016   32    0    32    12  785  628 84 16  0  0
 2  0  88176   8364    528  44360  460  800   460   800 1420 1371 85 15  1  0
 2  0  88044   8364    528  44360  216    0   216     0  836  783 85 14  1  0
 2  0  88044   8240    528  44360    0    0     0     0  751  556 83 17  0  0
 2  0  87748   7992    528  44360  172    0   172     4  760  591 86 13  0  0
 2  0  87720   7992    528  44360   80    0    80     0  902  914 87 12  0  0
 2  0  87720   7888    528  44360    0    0     0     0  885  786 87 13  1  0
 2  0  87720   7888    528  44364    0    0     0     0 1033 1131 83 14  2  0
 2  1  90272   8228    476  44220  168 2656   884  2656 2293  927 85 15  0  0
 2  0  91116   8320    484  43988    0  844     0   916 1300  814 82 15  4  0
 2  0  93512   8292    456  43456  160 2592   160  2592 1970  881 79 16  4  0
 2  0  93464   8164    456  43456   48    0    48     0  810  604 86 14  1  0
 2  0  93464   8040    456  43456    0    0     0     0  819  663 84 16  1  0
 2  0  93456   8040    456  43464    0    0     0     0  916  960 87 13  1  0
 2  0  93456   8164    456  43456    0    0     0    24  910  877 84 15  1  0
 2  0  93452   8040    464  43460    0    0     0    40  898  766 83 14  4  0
 2  0  93452   8040    464  43464    0    0     0     0  762  556 83 16  2  0
 2  0  94464   8368    468  43344    0 1016    28  1016 1518  968 74 13 13  0
 6  1  96020   8016    464  42988  700 1944   844  1944 4178 3171 76 20  3  0
 1  0  95328   9632    472  43192 1228  376  1424   376 2025 2794 53  3 42  2
 1  0  95664   8220    460  42388 1540 1888  1540  1888 2917 3481 56  8 35  1
 2  0  98616   7880    452  42012  444 3700   612  3728 2363 2337 62  8 28  3
 3  0  98452   7688    452  42032  160    0   164     0 1623 1393 84 14  2  0
 6  0  98448   7536    452  42148    0    0     0     0 3111 2574 75 23  2  0
 2  0  99400   8376    444  41792  524 1452   524  1452 2827 2539 81 14  6  0
 2  0  99304   8140    444  41812   76    0    76     0 1144  685 81 17  3  0
 2  0 102012   8160    444  41048 1680 3764  1764  3792 4563 2832 74 20  6  2
 2  0 102008   8772    444  41044    0    0     0     0  979  688 85 14  1  0
 5  0 101528   8460    444  41196  436    0   508     0 2060 1514 79 19  3  0
 2  0 102940   7664    444  40636  556 1896   556  1896 2632 2165 76 16  7  0
 2  0 102872   8524    444  40636   64    0    64     0 1022  860 80 18  2  0
 2  0 102492   8404    452  40644  308    0   308    44 1261 1313 84 15  2  0
 2  0 102328   8228    452  40644  136    0   136     0 1262 1257 84 14  2  0
 2  0 102236   8260    452  40656   32    0    32     0 1215 1203 86 12  3  0
 3  0 102072   8120    452  40680  124    0   124    16 1456 1037 82 18  1  0
 1  0 102676   7884    440  39280 4780 4788  4988  4788 4928 4490 69 17 11  3
 1  1 100864   7060    444  39060 2260   20  2344  1232 2690 4405 59  8 25  9
 2  0 103012   8488    444  36916 2040 4232  2040  4332 3680 4746 54 12 25  9
 2  0 103748   7644    444  36556 1884 2744  1992  2744 1649 2353 51  6 39  3
 2  0 104036   8348    444  36388  252  496   272   496 1334 1051 83 15  2  0
 2  0 103784   8284    444  36388  256    0   256     0 1085  774 85 14  1  0
 2  0 106092   8852    452  35640  684 2900   684  2968 5692 2662 75 19  5  0
 1  0 104956   8680    456  35636 1492  124  1496   124 1728 2395 54  6 40  1
 2  0 104684   9424    456  35644  320    0   320     0 1019  943 81 14  6  0
 2  0 104588   8848    456  35656   96    0    96     0 1226 1156 84 14  1  0
 2  0 104412   8344    456  35668  212    0   212     0 1156 1298 83 12  4  0
 1  0 104208   7904    464  35672  192    0   192    32 1051 1094 83 14  3  0
 2  0 104088   7716    464  35676  128    0   128     0 1058  854 83 16  1  0
 2  0 104808   8208    496  34724 1060 1660  1100  1660 5366 2620 77 18  4  1
 1  0 104916   9220    500  33996  336 1064   340  1064 3299 1586 51  7 39  3
 2  0 104568   9160    500  34016   60    0    60     0 1072 1146 81 13  6  0
 2  0 104388   8640    500  34020   48    0    48     0  927  873 84 14  1  0
 2  0 104076   8672    508  34044   56    0    56    20 1115  981 83 13  5  0
 2  0 103804   8608    508  34044   60    0    60     0  851  581 83 17  1  0
 2  0 103104   7584    508  34140  276    0   276     0 2356 1979 78 20  3  0
 2  0 103024   8100    508  34132   32    0    32     0  906  774 80 16  4  0
 2  0 102884   8204    508  34136   36    0    36     0  986  994 83 16  1  0
 2  0 102636   8064    516  34132   44    0    44    20 1079  876 81 18  1  0
 2  0 102552   7776    516  34220   16    0    16     0 1566 1601 83 16  2  0
 3  0 103144   8108    504  33176  512 1532   532  2156 2848 3031 58  9 29  4
 4  0 102920   8012    504  33220  156    0   156     0 1588 1466 81 14  5  0
 3  1 100200   7940    456  30480 5320 2296  5320  2576 4939 1387 81 14  3  2
 2  0 101044   7500    456  29560  328 1196   328  1196 2412  762 89 10  1  0
 2  0 101040   7840    464  29576    0    0     0    52 1151 1020 81 15  4  0
 2  0 100612   7500    464  29624  128    0   128     0 1579 1228 79 18  3  0
 2  0 100400   7532    464  29640  136    0   136     0 1310  900 82 17  1  0
 2  0 101996   8000    464  29172  344 1936   344  1936 2899 1861 80 18  1  0
 2  0 103372   8396    428  28264 1088 2136  1088  2136 2354 2668 59 13 28  0
 2  0 103104   8988    428  28328  256    0   260     0  893  770 82 13  5  0
 1  0 102952   8740    436  28336  192    0   192    28 1122 1274 82 15  3  0
 2  0 102864   8556    436  28336   96    0    96     0  890  820 85 14  1  0
 2  0 102268   8060    436  28360  572    0   572     0 1504 1480 84 13  3  0
 1  0 102472   8304    432  28320  636  496   636   496 1598 1170 81 17  1  0
 2  0 102152   8432    432  28308  508    0   508     0 1039  994 83 17  1  0
 2  0 102064   8260    440  28316  112    0   112    28 1637 1450 82 18  1  0
 3  1 103648   8192    432  27528  736 2244   736  2244 2505 1388 80 19  2  0
 1  0 104692   8856    424  26776  560 1916   724  1916 2723 4997 59  8 27  5
 1  0 103532   8948    424  26752  828    0   828     0  958 1076 51  2 47  0
 2  0 103160   8196    424  26700  584    0   584     0  912  707 76 13 11  0
 2  0 103160   8008    424  26752    0    0     0     0 1002 1068 83 16  1  0
 2  0 102916   7556    432  26764  384    0   384    28 1150 1081 87 12  1  0
 3  0 103308   7824    408  26300  540  796   540   796 2166 1183 82 15  2  1
 4  1 103188   7260    404  26184  304  184   304   184 2078 1955 78 18  4  0
 0  0 103748   8460    316  25736  556 1040   556  1040 2617 2695 41  7 48  5
 0  0 103424   9724    316  25736  116    0   116     0  403  431 12  2 86  0
 0  0 103244   9352    324  25736  160    0   160    28  384  411 11  4 85  0
 1  0 103120   8904    324  25740   76    0    76     0  505  430 25  3 72  0
 2  0 102892   8116    324  25756  152    0   152     0 1126  840 73 11 16  0
 2  0 102780   7756    324  25756  152    0   152     0 1133 1012 85 15  1  0
 2  0 102428   7476    324  25756  308    0   308     0 1091  872 81 17  2  0
 2  0 102428   7412    324  25768    0    0     0     0 1012  820 88 12  0  0
 2  0 103080   8184    328  24980  176  912   176   948 2159  904 81 17  2  1
 2  0 102852   8292    328  25028  300    0   300     0 1489 1340 80 14  5  0
 4  0 102564   7868    328  25072  288    0   288     0 1905 1594 81 17  2  0
 1  0 103392   8216    312  23896 2700 2992  2736  3884 3105 2458 58 13 23  5
 2  0 102588   8732    312  23932  676    0   676     0 1218 1256 65 10 25  0
 2  0 102584   8544    320  23928    0    0     0    64  968 1004 87 12  1  0
 2  0 102392   8280    320  23964  160    0   160     0 1277 1136 79 18  2  0
 2  0 102388   8152    320  23976    0    0     0     0 1037  674 82 14  4  0
 2  0 102296   8128    320  23972   52    0    52     0  893  628 83 13  4  0
 1  0 102800   7628    320  23540 1064 1272  1064  1272 2869 2112 78 15  6  1
 2  0 103920   8844    304  23080   20 1240    20  1240 1751 1217 84 14  2  0
 2  0 103764   8908    312  23048  180    0   180    56  907  700 88 11  0  0
 2  0 103384   8024    312  23160  288    0   288     0 2067 1977 81 16  4  1
 2  0 103252   8476    312  23160   52    0    52     0 1125 1177 85 13  1  0
 6  1  99616   6404    300  22276 4544  944  4544  1312 3022 1504 80 17  2  2
 3  0 100524   7848    280  21384 2112 3104  2120  3128 3404 1547 85 13  1  2
 2  0 101452   8692    244  20944  924 1800   924  1800 1925  958 85 15  1  0
 2  0 101284   8380    252  20944  236    0   236    56 1040  901 82 17  2  0
 2  0 101284   8504    252  20944    0    0     0     0  869  541 83 17  1  0
 2  0 101280   8472    252  20948    0    0     0     0 1026  806 83 16  0  0
 4  0 102884   7604    252  20748  168 1796   168  1796 2255 1519 85 13  1  0
 6  0 105400   8020    228  20440 1200 3548  1360  3752 4512 2562 81 16  1  2
 2  0 107216   8248    228  20132 1752 3332  1928  3332 2507 1918 50  3 38  9
 2  0 106920   8812    228  20148  480    0   480     0  882  715 82 12  6  1
 2  0 106900   9948    236  20144    0    0     0    48  857  654 82 15  3  0
 1  0 106756   9888    236  20148  124    0   124     0  863  729 82 17  1  0
 2  0 106736   9928    236  20148    0    0     0     0  848  563 86 12  2  0
 2  0 106568   9804    236  20148  152    0   152     0  870  589 86 13  1  0
 3  0 106228   9432    236  20156  320    0   320     0 1177 1071 86 14  1  0
 1  0 105536   7832    244  20212  616    0   616    28 2100 2799 73 17  9  0
 1  0 106908   8836    244  19816  712 1956   712  1956 2926 4694 57  8 31  3
 2  0 106528   7564    244  19824 1288  832  1288   832 1830 2118 52  4 40  4
 2  0 109312   7800    240  19320  264 3056   264  3056 1212  773 54 10 37  0
 2  1 109160   8380    240  19324  132    0   132     0 1614 1257 84 14  2  0
 2  0 108904   7796    248  19432  300    0   300    28 3049 2690 75 22  4  0
 3  0 110820   9220    248  19012  332 2296   332  2296 2131 1476 80 17  2  1
 0  0 110068   9176    248  18980  636    0   636     0 1679 2040 52  9 39  0
 1  0 110068   9084    248  19028    0    0     0     0  764  600 42  6 52  0
 2  0 109984   8764    248  19028   96    0    96     0  892  722 80 18  3  0
 2  0 109704   8272    248  19028  320    0   320     0 1106  988 80 16  4  0
 2  0 109420   7616    256  19056  488    0   488    20 1282 1533 83 15  3  0
 2  1 109180   7352    256  19112  384    0   384     0 1051 1123 83 16  2  0
 1  0 111132   8700    256  18548    0 1952     0  1952 2378  824 84 14  2  0
 2  0 110728   8244    256  18576  416    0   416     0 1321 1031 80 17  3  0
 2  0 110608   8260    256  18584    4    0     4     0 1096  765 82 13  5  0
 3  0 110196   7616    264  18592  660    0   660    20 1620 1442 79 17  3  0
 2  0 111820   8172    264  18616  412 1852   412  2440 2523 1545 79 15  5  2
 4  0 112732   8032    260  18632  368 1348   368  1348 2311 1597 80 18  2  0
 1  0 113136   7740    252  18040 1032 1692  1032  1692 1996 3512 54  6 40  0
 1  0 112380   8696    252  17776  988  176   988   176  692  898 26  1 47 26
 2  0 112380   9260    260  17788    0    0     0    32  680  343 40  7 53  0
 2  0 111984   9276    260  17788  376    0   376     0 1037 1237 86 13  2  0
 1  0 111984   9276    260  17788    0    0     0     0 1011  910 86 13  1  0
 2  0 111464   8800    260  17836  384    0   384     0 1783 1908 80 14  6  0
 2  0 111196   8632    260  17808  232    0   232     0  910  805 86 11  3  1
 3  0 110996   8516    260  17860  196    0   196     0 1138 1278 84 13  4  0
 7  0 110708   8020    260  17840  284    0   284    28 1416 1182 78 18  4  1
 1  0 113956   8804    244  17216  780 4000   780  4000 2103 2555 58  8 31  2
 1  0 113856   8348    252  17424   96    0   240    52 1594 1850 39 12 50  0
 2  0 113856   8812    252  17424    0    0     0     0 1014  900 84 13  3  0
 2  0 113604   8468    252  17432  172    0   172     0 1311 1181 80 18  3  0
 2  0 113500   8360    252  17452   76    0    76     0 1246 1152 82 15  4  0
 2  0 113468   8296    252  17456   28    0    28     0 1117 1040 87 11  2  0
 1  1 112132   7884    260  17516 1220    0  1220    28 2905 3018 76 17  3  4
 2  0 111940   9304    260  17580  168    0   168     0  987  848 76 10  9  5
 2  0 111916   9616    260  17628    0    0     0     0 1313 1040 81 15  5  0
 2  0 111880   9492    260  17648    4    0     4     0 1432 1099 82 14  3  0
 1  0 111804   9504    260  17684   56    0    56     0 1843 2010 85 13  3  0
 0  0 111636   8788    268  17792   60    0    60    28 2551 4350 42  9 48  0
 2  0 111616   9548    268  17812    0    0     0     0 1186 1060 70 16 14  0
 2  0 111600   9388    268  17860    0    0    44     0  907  849 83 14  4  0
 2  0 111528   9276    268  17876   56    0    56     0 1416 1003 81 15  4  0
 3  0 111528   8836    268  17888    0    0     0     0 1462 1254 81 18  1  0
 2  0 111464   8404    276  17988  108    0   108    52 2692 2304 76 20  3  0
 2  0 111256   8920    276  18060  148    0   148     0 1408 1231 81 14  5  0
 2  0 111056   8828    276  18060  136    0   136     0  928  871 82 14  5  0
 1  0 110964   8580    276  18064   32    0    32   916  891  769 82 14  4  0
 2  0 110824   8084    276  18088  128    0   128     0 1248  992 87 12  2  0
 2  0 110808   7976    284  18092    0    0     0    40 1018  804 85 15  1  0
 3  0 110300   8992    284  16284  328    0   328     0 2042 1929 80 16  3  0
 2  0 110012   8880    284  16340  168    0   168     0 1630 1532 81 16  3  0
 0  2 104364   6504    256  14964 13772 5468 13908  6036 6517 4554 26 22  2 51
 0  2  99472   6500    208  12368 21236 16916 21336 17264 13633 9269  6 32  3 59
 0  2  97716   6468    200  11704 5088 2336  5088  2732 3748 1314  1 20  2 77
 0  2  94360   6380     88   9660 7100 2204  7172  2468 2732 1732  2 18 17 62
 0  2  86392   6416     68   8656 24612 10204 24996 10560 9471 9073  3 26 19 52
 0  2  82496   6400     68   8308 14008 8948 14328  9212 9523 7059 10 24  1 64
 0  2  84544   6456     64  12356 3084 4964  9760  5628 13686 4978 30 23 12 35
 1  2  84488   6988     72  12488  360  128  1348   312 3951 1398 46  5 15 34
 0  0  87012   8148     72  11492  220 2640   656  2768 2872 1936 43  5 38 15
 1  0  89112   8304     72  11552    0 2108   276  2108  620  698 15  4 73  9
 2  0  89112   7756     72  11576    0    0     0     0  650  459 42  8 50  0
 2  0  89096   7568     72  11588   96    0    96     0  935  742 84 13  3  0
 2  0  89160   8560     80  11720    0   76   100   116 1520 1328 83 17  0  0
 2  0  89152   8560     80  11724    0    0     0     0 1090  893 85 14  2  0
 2  0  89176   8560     80  12404   60   60   764    60 1880 1488 78 20  3  0
 3  0  89176   8700     80  12476    0    0    24     0 1130  741 82 17  2  0
 1  2  92600   8236     80  12360 1548 4172  2084  4172 3858 3234 68 18 13  1
 2  0  92164   9696     88  12476  748    8   812    40 1414 1459 47  3 49  2
 2  0  92144   9488     88  12476    8    0     8     0  744  333 51  8 41  0
 2  0  91984   7788     88  12480  252    0   252     0 1107  691 80 16  4  0
 3  0  91976   7416     88  12532   28    0    28     0 1948 1708 79 15  6  0
 2  0  92640   8424     88  12364  400 1040   400  1040 4951 2927 47 16 33  4
 2  0  92544   9184     96  12576  108    0   236    28 1185  796 49  8 42  0
 2  0  92536   8928     96  12536   12    0    12     0  868  832 84 16  1  0
 2  0  92524   8936     96  12544   20    0    20     0  857  845 82 16  2  0
 2  0  92520   8904     96  12548   32    0    32     0  954  777 81 18  1  0
 2  0  92520   8888     96  12548    0    0     0     0 1007 1059 84 15  1  0
 2  0  92516   8888     96  12548    0    0     0     0 1061 1082 85 14  2  0
 2  0  92452   8732     96  12548  212    0   212     0  978  734 84 14  2  0
 2  0  92408   8576    104  12548  140    0   140    16 1017  874 83 13  4  0
 1  0  95768   8632    104  12144  336 3624   336  3624 2973 2920 56 10 29  5
 2  0  95724   8092    108  12300   36    0   188     0 1755 2543 39  6 55  0
 1  0  95724   7716    108  12344    0    0     0     0  948 1297 13  4 83  0
 2  0  95676   7828    108  12348   88    0    88     0  687  346 49  5 47  0
 2  0  95672   8868    108  12348   32    0    32     0  890  791 84 14  1  0
 2  0  95672   8836    116  12340    0    0     0    20  901  808 84 15  1  0
 3  0  95672   8900    116  12348    0    0     0     0  901  659 85 14  1  0
 2  0  95656   8804    116  12388   84    0    84     0 1196  824 81 17  2  0
 2  0  95604   8492    116  12372  168    0   168     0  855  679 81 17  3  0
 2  0  95584   8160    116  12392   56    0    56     0 1128  890 84 13  4  0
 2  0  95580   7940    116  12392    0    0     0     0  936  809 86 13  1  0
 2  0  95620   8824    116  12448    0   44     0    44 1736 1424 81 16  3  0
 3  0  95600   9256    124  12468   16    0    16    20 1373 1206 81 18  1  0
 2  0  95552   8424    124  12568  144    0   144   736 2030 1844 77 20  2  0
 2  0  95512   9608    124  12576   80    0    80     0  848  646 85 12  3  0
 2  0  95512   9688    124  12572    0    0     0     0  844  713 86 14  1  0
 2  0  95512   9564    124  12572    0    0     0     0  874  551 85 14  1  0
 2  0  95500   9596    132  12564   52    0    52    44  836  594 84 16  0  0
 2  0  95500   9596    132  12572    0    0     0     0  881  667 84 16  1  0
 2  0  95452   9472    132  12576  176    0   176     0 1001  752 83 12  5  0
 2  1  95292   6968    132  12992  308    0   588     0 2680 4673 66 14 16  3
 1  0  97092   7700    132  13492  520 2020  1108  2020 1610 2217 53  3 43  0
 1  0  97740   8768    520  13196  248  920   716   920 1498 1201 42  4 41 13
 2  0  97740  10016    520  13200   12    0    16     0  911  805 77 14 10  0
 3  0  97716  10160    528  13228   80    0   116    52  809  632 84 15  1  0
 0  0  97672  10064    528  13360   24    0   136     0  950 1145 59  6 35  0
 1  0  97464   9528    528  13476  336    0   448     0  634  396 33  5 62  0
 2  0  97456   9400    528  13476   20    0    20     0  820  603 71 16 14  0
 2  0  97444   9252    528  13484   44    0    44     0 1101  834 84 15  2  0
 2  0  97380   9020    528  13496    0    0     0     0  857  665 86 13  1  0
 2  0  97304   8832    536  13692  124    0   368    28  937  607 83 14  2  0
 2  0  97304   8644    536  13752    0    0     0     0  969  641 83 17  0  0
 1  0  97260   8488    536  13752  116    0   116     0  890  719 84 14  1  0
 2  0  97260   8456    536  13752    0    0     0     4  867  596 86 13  1  0
 2  0  97260   8456    536  13756    0    0     0     0  937  797 85 14  1  0
 2  0  97260   8488    544  13768    0    0     0    40 1251 1030 81 17  3  0
 2  0  97256   8488    544  13784    0    0     0     0 1162  892 85 14  1  0
 2  0 100672   8620    540  13172  280 3668   280  4108 3156 3025 79 15  5  2
 1  0 100568   8828    540  13204  204    0   204     0 1166 1653 53  2 45  0
 0  0 100548   9500    540  13348   48    0   196     0  642  746 26  2 73  0
 1  0 100528   9840    540  13348   64    0    64     0  462  354 20  3 77  0
 2  0 100476  10576    548  13340  120    0   120    48  820  595 69 11 20  0
 2  0 100436  10316    548  13620   84    0   328     0  836  559 81 12  7  0
 2  0 100432  10192    548  13608    0    0     0     0 1014 1033 83 12  6  0
 2  0 100432  10256    548  13612    0    0     0     0  878  821 86 14  0  0
 2  0 100432  10412    548  13612    0    0     0     0  931  788 82 18  0  0
 1  0 100432  10380    548  13612    0    0     0     0  944  951 85 15  0  0
 2  0 100420  10348    556  13604   48    0    48    28  918  822 86 14  1  0
 3  0 100420  10348    556  13612    0    0     0     0  914  714 85 15  1  0
 2  0 100368  10128    556  13748   16    0   116     0 1466  988 80 16  4  0
 2  0 100368  10128    556  13744    0    0     0     0  971  842 85 15  0  0
 2  0 100328  10032    556  13748   68    0    68     0 1146 1074 80 18  3  0
 2  0 100324  10032    556  13748    4    0     4     0 1082 1172 86 13  0  0
 4  1 100320   9864    560  13788   32    0    32    28 1807 2163 72 15 13  0
 1  0 100248   8436    564  13908  120    0   120     4 2256 5472 61  9 31  1
 1  0 100224   8944    564  13916   36    0    36     0  976 1067 69  8 23  0
 2  0 100224   8784    564  13912    0    0     0     0 1100  780 84 16  1  0
 1  0 102468   7776    564  14008  856 2652  1028  2652 3285 3232 78 16  5  1
 0  0 102580   8776    564  13868  188  304   276   304 1692 2375 41  7 41 11
 0  0 102520   9072    572  14000  124    0   256    28  395  359 11  2 87  0
 1  0 102516   9492    572  14000    0    0     0     0  432  432 11  3 87  0
 2  0 102408   8504    572  14292   92    0   380     0 1068 1154 41  8 50  0
 2  0 102408   8248    572  14308    0    0     0     0 1027  828 83 14  4  0
 2  0 102404   7960    572  14316    8    0     8     0 1094  754 86 13  2  0
 2  0 102284   7740    572  14336  148    0   148     0 1306 1087 86 12  3  0
 2  0 102264   7708    580  14364   32    0    32    28 1334 1002 78 18  4  0
 5  0 103980   7756    572  14232  488 2144   540  2148 3745 2434 78 18  3  0
 3  0 104736   8500    712  14288  264  844   428   844 1864 1450 84 15  2  0
 2  0 105504   8816    704  12316 3076 2284  3352  2392 2565 2206 69  8 18  6
 2  0 105412   9552    704  12296  228    0   228     0  936  819 79 12  8  0
 2  0 105404   9584    704  12312    0    0     0     0 1016  878 84 14  2  0
 2  0 105380   9584    712  12340   32    0    72    72  929  706 86 14  1  0
 2  0 105324   9584    712  12360   92    0    92     0  982  848 85 13  2  0
 2  0 105312   9584    712  12332   40    0    40     0  874  643 83 16  1  0
 2  0 105284   9520    712  12364    4    0     4     0  902  772 84 14  3  0
 1  0 105204   9528    712  12424   92    0    92     0 1707 1393 83 15  3  0
 4  1 104804   7104    720  12556  768    0   768    28 2164 2018 78 17  5  1
 2  0 105884   8872    704  12156  280 1200   280  1200 3487 3226 53  7 24 16
 1  0 105768   7560    704  12180  232    0   232     0  905  899 40  7 53  0
 2  0 107312   8248    704  12176  148 1584   148  1584 1699  539 42 11 41  6
 4  0 107136   7996    704  12288  160    0   240     0  956  718 81 14  5  0
 2  1 107084   7216    704  12372  180   16   180    52 4538 2630 77 20  2  1
 1  0 107576   9588    680  12128    0  496     4   496 3252  788 83 17  0  0
 2  0 107516   9340    680  12136  208    0   208     0 1445 1030 85 13  3  0
 1  0 107504   9220    680  12148    0    0     0     0 1347 1098 80 15  6  0
 3  0 107436   8364    680  12180  272    0   272     0 2628 4669 62 14 24  0
 2  0 107360   9036    688  12240   80    0    80    20  818  994 16  6 77  0
 3  0 107304   8620    688  12272   80    0    80     0  689  796 12  4 84  0
 1  1 107168   7380    688  12220  804  312   804   312 1195  533 39  6 50  4
 2  0 109004   7784    684  12384  484 2076   584  2076 3297 2325 81 17  2  0
 2  0 108676   8360    684  12304 1532  644  1532   644 3519 1631 81 16  2  1
 2  0 108544   8300    692  12252  252    0   252    20  861  598 85 14  2  0
 2  0 108508   8268    692  12260  100    0   100     0  954  562 80 19  1  0
 2  0 110156   7920    692  12084  352 1784   352  1784 3404 3408 72 16 12  0
 1  0 111688   8404    692  12072  816 1928   820  1928 2278 3385 35  8 57  1
 0  0 111384   9672    692  12072  288    0   288     0  433  396 11  3 86  0
 1  0 111336   9916    692  12072  156    0   156     0  562  362 31  6 63  0
 2  0 111288   9692    700  12076  188    0   188    20  864  659 80 13  7  0
 0  0 111160   8912    700  12088  432    0   432     0  856  761 40 10 50  0
 2  0 111112   7544    700  12144  116    0   116     0 1825 2244 43 13 44  0
 0  0 111052   9244    700  12232   92    0    92     0 1412 3624 36 10 55  0
 2  0 111044   9420    700  12232   12    0    12     0  501  460 13  4 83  0
 0  0 110976   8688    708  12240   64    0    64    20 1482 1306 15  7 78  0
 0  0 110892   8552    716  12304   76    0    76  1040 1865 2358 18  8 74  0
 1  0 110832   8492    716  12320   96    0    96     0  427  428 11  3 86  0
 0  0 111764   9556    716  12368   84  956    84   956 2344 3749 23 12 65  0
 0  0 111080   7852    720  13484 1180    0  2280     0  632  608 15  2 81  1
 0  0 111032   7924    728  13600   76    0   144    64 2223 2917 20 15 65  0
 0  0 111016   7608    728  13628   32    0    32     0 1625 2661 18 12 70  0
 1  0 110732   7616    728  13668  432    0   432     0 1165 1442 17  8 76  0
 0  0 111588   8500    368  13576   44  888    44   888 2196 2773 21 12 65  2
 2  0 111492   8532    368  13608   80    0    80     0 1513 1789 21  9 70  0
 0  0 111456   8344    376  13624   72    0    72    28  933 1107 16  8 75  0
 0  0 111404   8280    376  13660   24    0    24     0  919 1544 16  8 75  0
 0  0 111288   8140    376  13728  260    0   304     0 1289 1423 19  8 73  0
 0  0 111196   8144    376  13756   92    0    92     0 1578 1841 18 11 71  0
 2  0 111188   8036    376  13784    0    0     0     0 1470 1616 19 10 72  0
 0  0 111156   8100    384  13808    4    0     4    28 1454 1620 20 14 66  0
 0  1 110852   7480    360  13752  944  112   944   112 1533 1630 18 11 47 23
 0  0 110696   8024    352  13544  576   60   588    60 1741 1422 20 13 58  9
 0  0 110680   8072    352  13560   64    0    64     0 1286 1428 19 11 70  0
 0  0 110676   7948    352  13580   16    0    16     0 1174 1212 17 12 72  0
 1  0 110788   8196    336  13116  644  436   644   464 2417 1536 21 12 52 14
 0  0 110828   8212    336  13100  192  100   192   100 1031 1016 17 10 73  0
 0  0 110748   8336    336  13116  188    0   188     0 1153 1206 20  9 71  0
 0  0 110736   8212    336  13128   32    0    32     0 1000 1008 18  8 74  0
 3  0 110736   8212    336  13144    0    0     0     0 1035 1059 17 10 73  0
 0  0 110736   8104    344  13160    0    0     0    28  982 1047 16  9 75  0
 0  0 110708   8104    344  13168   96    0    96     0  877  906 16  7 76  0
 4  0 110692   8120    344  13180    0    0     0     0  840  868 16  5 79  0
 0  0 110692   7996    344  13188    0    0     0     0  759  723 17  8 75  0
 0  0 110692   7996    344  13196    0    0     0     0  624  659 13  7 79  0
 0  0 110692   7996    352  13204    0    0     0    28  701  696 14  7 79  0
 1  0 110684   7996    356  13216    0    0     0   740  704  678 16  7 77  0
 1  0 110652   7996    356  13212   32    0    32     0  560  560 14  6 80  0
 1  0 110652   7964    356  13224    0    0     0     0  688  733 15  5 80  0
 0  0 110652   7964    356  13228    0    0     0     0  544  580 14  4 83  0
 0  0 110584   7724    364  13244  156    0   156    60  462  478 12  2 85  0
 1  0 110540   7716    364  13224   64    0    64    36  820  846 17  9 74  0
 0  0 111780   8336    356  13180  416 1520   416  1520  818 1047 12  5 82  0
 1  0 111780   8336    356  13168    0    0     0     0  596  632 15  4 81  0
 0  0 111732   8452    356  13148   76    0    76     0  585  657 13  6 80  0
 0  0 111728   8476    364  13176    0    0     0    28  511  518 10  4 86  0
 2  0 111724   8344    364  13160   32    0    32     0  744  723 13  9 77  0
 1  0 111724   8476    364  13288    0    0    96     0  430  491 12  3 85  0
 1  0 111724   8104    364  13292    0    0     0     0  497  551 12  2 86  0
 1  0 111724   7964    364  13296    0    0     0     0  558  556 15  4 81  0
 1  0 111724   7964    372  13292    0    0     0    28  501  488 11  5 84  0
 4  0 111724   7840    372  13308    0    0     0     0  590  611 14  6 80  0
 1  0 111724   7980    372  13312    0    0     0     0  489  529 11  4 84  0
 1  0 111720   7716    372  13320    0    0     0     0  596  607 11  5 83  0
 3  0 111696   7732    372  13328   44    0    44     0  559  544 12  5 84  0
 0  0 112440   8352    372  12860 1736 2304  1736  2512 2193 1293 14 10 49 27
 1  0 112400   8476    372  13024   28    0   176     0  561  618 11  5 84  0
 0  0 112400   8476    372  13028    0    0     0     0  503  535 12  5 83  0
 0  0 112392   8600    372  13036    0    0     0     0  617  652 14  5 80  0
 0  0 112372   8600    372  13040   48    0    48     0  387  432 11  3 86  0
 0  0 112364   8600    380  13036    4    0     4    32  619  606 16  5 79  0
 1  0 112364   8476    380  13048    0    0     0     0  512  534 14  5 81  0
 4  0 112320   8476    380  13052   44    0    44     0  549  515 12  4 83  0
 0  0 112304   8476    380  13056   48    0    48     0  506  495 14  4 83  0
 0  0 112300   8476    380  13060    0    0     0     0  450  497 11  4 85  0
 0  0 112280   8484    380  13060   32    0    32     0  495  513 11  5 84  1
 0  0 112012   7864    388  13316  560    0   808    28  622  701 15  5 80  0
 0  0 111904   7740    388  13300  180    0   184     0  463  484 13  4 84  0
 0  0 111904   7616    388  13324    0    0     0     0  529  541 12  2 85  0
 0  0 112216   8236    344  13492  368  476   668   476 1062  652 11  5 77  8
 0  0 112212   8392    344  13524    0    0    28     0  527  495 13  5 82  0
 0  0 112156   8268    352  13524  180    0   180    32  536  570 13  5 82  0
 0  0 112132   8332    352  13528   32    0    32     0  495  434 16  5 79  0
 0  0 112120   8340    352  13532   32    0    32     0  430  460 12  3 86  0
 0  0 112112   8232    352  13536    0    0     0     0  508  504 13  4 83  0
 2  0 112056   8172    352  13536  108    0   108     0  438  482 10  3 86  0
 0  0 112036   8180    360  13540   40    0    40    28  420  469 11  4 85  0
 0  0 111888   7964    360  13540  348    0   348     0  466  495 13  3 84  0
 0  0 111880   7988    360  13544   32    0    32     0  302  380 10  0 89  0
 0  0 111828   7788    360  13544  180    0   180     0  371  450 11  3 85  0
 0  0 111812   7664    360  13544   96    0    96     0  364  376 11  2 87  0
 0  0 111796   7736    368  13524   16    0    16    28  343  417 12  2 86  0
 0  0 111708   7708    368  13576  160    0   160     0  312  383 11  1 88  0
 0  0 111608   7508    368  13684  192    0   296     0  359  378 13  1 85  0
 0  0 111544   7480    368  13644   72    0    72     0  369  354 11  2 87  0
 0  0 111492   7600    368  13648   56    0    56     4  295  352  9  1 90  0
 3  0 111464   7672    376  13624   48    0    48    32  301  386 10  2 88  0
 0  0 111380   7556    376  13648   88    0    88     0  283  325 10  1 89  0
 0  0 111320   7440    376  13620   92    0    92     0  303  349 10  1 89  0
 0  0 111284   7404    376  13604   84    0    84     0  308  346 11  2 87  0
 0  0 111220   7408    376  13688  128    0   128   116  282  367  9  1 90  0
 0  0 111196   7400    384  13632   40    0    40    56  299  368 11  0 90  0
 0  0 112324   8368    292  13552  336 1288   336  1288  652  791 10  3 87  0
 0  0 112272   8424    292  13452  108    0   108     0  291  335 10  1 89  0
 0  0 112200   8440    292  13460  120    0   120     0  366  436 11  1 87  0
 1  0 112156   8560    292  13492   60    0    60     0  280  371 10  1 89  0
 2  0 112128   8468    292  13516   20    0    20     0  283  390 10  1 90  0
 3  0 112000   8364    300  13468  220    0   220    28  292  360  9  1 90  0
 1  0 111880   8320    300  13552  176    0   176     0  257  337  8  1 90  0
 2  0 111856   8512    300  13508    0    0     0     0  275  330  9  1 90  0
 1  0 111776   8760    300  13472   88    0    88     0  262  345  8  0 91  0
 2  0 111776   8780    300  13508    0    0     0     0  252  299  8  1 90  0
 1  0 111700   8644    300  13512  100    0   100     0  327  377 10  1 89  0
 1  0 111588   8700    308  13476   64    0    64    28  262  334  9  2 89  0
 2  0 111184   8412    308  13608  548    0   636     0  581  609 16  3 81  1
 1  0 111132   8580    308  13608   44    0    44     0  247  325  9  0 91  0
 1  2 111104   7348    744  14272  260    0  1360     0  424  579 12  4 83  1
 0  0 111296   8348   1000  14084   24  288   808   372  663  618 10  2 86  2
 0  0 111204   8532   1000  14084   64    0    64     0  299  378 11  1 88  0
 1  0 111204   8724   1008  14088    0    0     0    76  426  462 15  2 82  0
 1  0 110572   8028   1008  14400  932    0  1240     0  569  594 33  2 65  1
 0  0 110572   7976   1008  14400    0    0     0     0  293  374 10  1 89  0
 0  0 110572   7920   1008  14400    0    0     0     0  309  376 11  1 88  0
 0  0 110560   8072   1008  14428   28    0    52     0  287  367 10  1 88  0
 1  0 110528   8424   1016  14488   32    0    92    40  356  406 12  2 86  0
 0  0 110512   8404   1016  14488   32    0    32     0  321  478  9  1 90  0
 0  0 110496   8772   1016  14488    0    0     0     0  287  329 11  0 88  0
 0  0 110476   8728   1016  14488   40    0    40     0  302  422 13  2 85  0
 0  0 110456   8768   1016  14488    0    0     0     0  282  349  8  1 91  0
 0  0 110448   8676   1024  14488    0    0     0    28  298  395 12  2 86  0
 0  0 110444   8676   1024  14492   28    0    28     0  298  364 11  1 88  0
 0  0 110396   8676   1024  14492   68    0    68     0  251  373 10  0 90  0
 0  0 110368   8780   1024  14492   40    0    40     0  245  376 11  0 89  0
 0  0 110328   8884   1024  14492   20    0    20     0  276  409 10  1 89  0
 0  0 110324   8792   1024  14492    0    0     0     0  248  334 10  1 89  0
 0  0 110272   8984   1032  14492   96    0    96    28  366  395 11  2 87  0
 0  0 110244   9016   1032  14492    0    0     0     0  249  363 11  1 88  0
 0  0 110224   9088   1032  14492   28    0    28     0  252  329 10  0 90  0
 1  0 110208   9252   1032  14492   36    0    36     0  257  349  9  0 90  0
 0  0 110208   9128   1032  14492    0    0     0     0  242  310 10  1 89  0
 0  0 110188   9200   1040  14492   56    0    56    28  277  398  9  0 91  0
 1  0 110188   9076   1040  14492    0    0     0     0  255  369 11  1 88  0
 0  0 110128   9076   1040  14492  124    0   124     0  288  349 13  1 87  0
 0  0 110128   8952   1040  14492    0    0     0     0  209  327 10  1 90  0
 0  0 110100   8952   1040  14496   24    0    24     0  229  360  9  0 91  0
 0  0 110100   8828   1040  14500    0    0     0     0  240  350  9  0 91  0
 0  0 110092   8828   1048  14492   24    0    24    28  253  361 11  1 88  0
 0  0 110020   8332   1048  14460   88    0    88     0  242  345 10  1 90  0
 0  0 110020   8200   1048  14500    0    0     0     0  272  367  9  1 90  0
 0  0 110004   8332   1048  14520    0    0     0     0  241  323  9  1 89  0
 0  0 109980   8240   1048  14528    0    0     0     0  255  349  9  1 90  0
 0  0 109976   8116   1056  14500    0    0     0    88  379  476 12  2 85  0
 0  0 109956   8108   1056  14488   36    0    36     0  231  344  9  0 91  0
 0  0 109944   7380   1056  14484   32    0    32     0  272  354 10  1 89  0
 0  0 112000   8240   1032  14132    0 2068     0  2068  722  444 11  4 74 10
 0  0 111976   8364   1032  14160   20    0    20     0  274  354 11  1 88  0
 0  0 111956   8224   1040  14140   32    0    32    96  336  409 10  2 87  0
 0  0 111860   8364   1040  14268  188    0   280     0  269  374  9  1 90  0
 0  0 111852   8364   1040  14212   48    0    48     0  287  399  9  1 89  0
 0  0 111836   8364   1040  14240   28    0    28     0  317  389 11  2 87  0
 0  0 111832   8224   1040  14256    0    0     0     0  260  341 10  1 89  0
 0  0 111800   8132   1040  14192   92    0    92     8  296  405 10  1 89  0
 0  0 111732   8108   1048  14248  172    0   172    40  259  361 10  1 89  0
 0  0 111656   7868   1048  14276  152    0   152     0  247  340 10  1 89  0
 0  0 111644   7868   1048  14264    0    0     0     0  281  376 10  1 89  0
 0  0 111632   7868   1048  14264    0    0     0     0  251  364 10  0 91  0
 2  0 111632   7868   1048  14256    0    0     0     0  272  343 11  0 89  0
 1  0 111628   7868   1048  14260    0    0     0     0  235  315  9  1 91  0
 1  0 111628   7868   1056  14256    0    0     0    40  269  391  9  2 89  0
 1  0 111624   7728   1056  14256    0    0     0     0  235  350  9  1 90  0
 1  0 111624   7744   1056  14256    0    0     0     0  229  275  9  1 90  0
 2  0 111624   7744   1056  14256    0    0     0     0  236  375 10  1 89  0
MEDIA
NR:  521 CPU:  60.605
