    #Muestra numJDBCCount numHTTPCount     numHTTPQ
           0            0            5          241
           1            4            5          426
           2            2            5          538
           3            4            5          566
           4            3            5          562
           5            3            5          249
           6            2            5           80
           7            3            5          284
           8            5            5          425
           9            4            5          282
          10            0            5           75
          11            0            5            1
          12            0            5            1
          13            0            5            1
          14            0            5            1
          15            0            5            1
          16            0            5            1
          17            0            5            1
          18            0            5            1
          19            0            5            1
          20            0            5            1
          21            0            5           46
          22            0            5           88
          23            0            5          198
          24            0            5          387
          25            0            5          731
          26            0            5          825
          27            0            5          795
          28            0            5          556
          29            0            5          659
          30            0            5          674
          31            0            5           95
          32            2            2            0
          33            0            3            0
          34            0            3            0
          35            0            5           98
          36            0            5          156
          37            0            5          155
          38            0            5          152
          39            0            5          139
          40            0            5          154
          41            0            5          138
          42            2            5          166
          43            0            5          222
          44            1            5          260
          45            0            5          330
          46            0            5          384
          47            0            5          436
          48            1            5          423
          49            1            5          411
          50            0            5          438
          51            2            5          374
          52            1            5          439
          53            1            5          303
          54            2            5          409
          55            0            5          396
          56            2            5          327
          57            2            5          209
          58            1            5          162
          59            0            5          211
          60            0            5          210
          61            0            5          162
          62            0            5          144
          63            1            5          103
          64            0            5          141
          65            0            5           74
          66            1            5           92
          67            1            5           92
          68            0            5          117
          69            0            5          137
          70            0            5          158
          71            0            5          215
          72            0            5          270
          73            0            5          306
          74            0            5          340
          75            0            5          338
          76            2            5          137
          77            1            5          105
          78            0            5          158
          79            0            5          163
          80            0            5          221
          81            0            5          234
          82            0            5          322
          83            0            5          404
          84            1            5          422
          85            2            5          337
          86            0            5          222
          87            0            5          245
          88            0            5          261
          89            0            5          294
          90            0            5          329
          91            0            5          336
          92            0            5          365
          93            0            5          336
          94            0            5          376
          95            0            5          308
          96            1            5          258
          97            0            5          281
          98            0            5          308
          99            0            5          370
         100            0            5          383
         101            1            5          433
         102            0            5          450
         103            0            5          473
         104            0            5          374
         105            0            5          314
         106            0            5          339
         107            0            5          372
         108            0            5          403
         109            0            5          452
         110            0            5          463
         111            0            5          465
         112            1            5          415
         113            1            5          334
         114            2            5          183
         115            0            5          145
         116            0            5          175
         117            0            5          221
         118            0            5          280
         119            0            5          351
         120            0            5          422
         121            0            5          470
         122            0            5          500
         123            0            5          491
         124            0            5          457
         125            2            5          384
         126            2            5          103
         127            1            5          107
         128            0            5          253
         129            0            5          351
         130            0            5          419
         131            0            5          480
         132            0            5          404
         133            1            5          256
         134            0            5          298
         135            0            5          326
         136            0            5          342
         137            0            5          401
         138            0            5          464
         139            0            5          520
         140            0            5          505
         141            1            5          503
         142            0            5          513
         143            1            5          447
         144            0            5          521
         145            0            5          558
         146            0            5          328
         147            0            5          280
         148            0            5          326
         149            0            5          346
         150            0            5          378
         151            0            5          405
         152            0            5          423
         153            0            5          540
         154            0            5          523
         155            1            5          404
         156            0            5          354
         157            0            5          283
         158            0            5          303
         159            0            5          297
         160            0            5          315
         161            0            5          376
         162            0            5          402
         163            0            5          386
         164            0            5          446
         165            0            5          458
         166            0            5          520
         167            0            5          515
         168            1            5          453
         169            0            5          464
         170            0            5          500
         171            1            5          387
         172            0            5          511
         173            1            5          546
         174            0            5          498
         175            0            5          419
         176            1            5          323
         177            0            5          258
         178            0            5          274
         179            0            5          312
         180            0            5          294
         181            0            5          301
         182            0            5          316
         183            0            5          335
         184            0            5          436
         185            0            5          488
         186            0            5          507
         187            0            5          545
         188            3            5          404
         189            1            5          412
         190            0            5          467
         191            0            5          516
         192            0            5          352
         193            0            5          506
         194            1            5          467
         195            1            5          406
         196            0            5          392
         197            0            5          507
         198            1            5          512
         199            0            5          502
         200            0            5          467
         201            1            5          467
         202            1            5          445
         203            1            5          505
         204            0            5          511
         205            0            5          507
         206            1            5          533
         207            0            5          534
         208            0            5          508
         209            0            5          495
         210            0            5          505
         211            2            5          480
         212            2            5          138
         213            0            5           52
         214            0            5           89
         215            0            5          125
         216            0            5          139
         217            0            5          175
         218            0            5          207
         219            0            5          253
         220            0            5          291
         221            0            5          226
         222            0            5          255
         223            0            5          301
         224            0            5          444
         225            1            5          555
         226            0            5          181
         227            0            5          250
         228            0            5          290
         229            0            5          316
         230            0            5          367
         231            0            5          400
         232            0            5          529
         233            0            5          515
         234            0            5          473
         235            1            5          325
         236            0            5          456
         237            0            5          459
         238            1            5          350
         239            0            5          364
         240            0            5          381
         241            0            5          399
         242            0            5          425
         243            0            5          442
         244            0            5          458
         245            1            5          354
         246            0            5          223
         247            0            5          367
         248            0            5          557
         249            0            5          551
         250            0            5          422
         251            0            5          542
         252            0            5          499
         253            1            5          337
         254            1            5          274
         255            1            5          178
         256            0            5          186
         257            0            5          198
         258            0            5          175
         259            0            5          199
         260            0            5          233
         261            0            5          266
         262            0            5          283
         263            0            5          320
         264            0            5          339
         265            0            5          362
         266            0            5          389
         267            0            5          409
         268            0            5          421
         269            0            5          431
         270            0            5          441
         271            0            5          512
         272            0            5          503
         273            2            5          329
         274            1            5          194
         275            0            5          223
         276            0            5          240
         277            0            5          211
         278            0            5          228
         279            0            5          264
         280            0            5          293
         281            0            5          319
         282            0            5          346
         283            0            5          376
         284            0            5          483
         285            0            5          517
         286            0            5          571
         287            0            5          531
         288            0            5          507
         289            0            5          470
         290            1            5          436
         291            1            5          344
         292            0            5          303
         293            0            5          369
         294            0            5          440
         295            0            5          521
         296            0            5          527
         297            2            5          230
         298            2            5          113
         299            0            5           69
         300            1            5           30
         301            0            5           88
         302            0            5          120
         303            0            5          264
         304            0            5          314
         305            0            5          488
         306            0            5          546
         307            2            5          337
         308            0            5          360
         309            0            5          400
         310            0            5          450
         311            0            5          519
         312            0            5          544
         313            0            5          531
         314            0            5          515
         315            2            5          325
         316            0            5          209
         317            0            5          263
         318            0            5          325
         319            0            5          401
         320            0            5          477
         321            0            5          510
         322            0            5          462
         323            0            5          435
         324            0            5          497
         325            0            5          534
         326            2            5          361
         327            1            5          329
         328            2            5          316
         329            1            5          249
         330            0            5          443
         331            0            5          495
         332            0            5          513
         333            1            5          425
         334            0            5          289
         335            1            5          205
         336            1            5          148
         337            0            5          102
         338            0            5          201
         339            0            5          433
         340            0            5          402
         341            0            5          403
         342            0            5          497
         343            0            5           82
         344            0            5          284
         345            0            5          294
         346            0            5          346
         347            0            5          420
         348            0            5          241
         349            0            5          288
         350            0            5          151
         351            0            5          100
         352            0            5           25
         353            2            3            6
         354            0            5            0
         355            1            5           25
         356            2            5           29
         357            0            5           46
         358            0            5           17
         359            1            3            0
         360            0            1            0
         361            0            1            0
         362            0            0            0
         363            0            0            0
         364            1            1            0
         365            0            1            0
         366            0            0            0
         367            0            0            0
         368            0            1            0
         369            0            2            0
         370            0            1            0
         371            0            1            0
         372            0            0            0
         373            0            0            0
         374            0            0            0
         375            0            0            0
         376            0            0            0
         377            0            0            0
         378            0            0            0
         379            0            0            0
         380            0            0            0
         381            0            0            0
         382            0            0            0
         383            0            0            0
         384            0            0            0
         385            0            0            0
         386            0            0            0
         387            0            0            0
         388            0            0            0
         389            0            0            0
         390            0            0            0
         391            0            0            0
         392            0            0            0
         393            0            0            0
         394            0            0            0
         395            0            0            0
         396            0            0            0
         397            0            0            0
         398            0            0            0
         399            0            0            0
         400            0            0            0
         401            0            0            0
         402            0            0            0
         403            0            0            0
         404            0            0            0
         405            0            0            0
         406            0            0            0
         407            0            0            0
         408            0            0            0
         409            0            0            0
         410            0            0            0
         411            0            0            0
         412            0            0            0
         413            0            0            0
         414            0            0            0
         415            0            0            0
         416            0            0            0
         417            0            1            0
         418            0            0            0
         419            0            0            0
         420            0            0            0
         421            0            0            0
         422            0            0            0
         423            0            0            0
         424            0            0            0
         425            0            0            0
         426            0            0            0
         427            0            0            0
         428            0            0            0
         429            0            0            0
         430            0            0            0
         431            0            0            0
         432            0            0            0
         433            0            0            0
         434            0            0            0
         435            0            0            0
         436            0            0            0
         437            0            0            0
         438            0            0            0
         439            0            0            0
         440            0            0            0
         441            0            0            0
         442            0            0            0
         443            0            0            0
         444            0            0            0
         445            0            0            0
         446            0            0            0
         447            0            1            0
         448            0            0            0
         449            0            0            0
         450            0            0            0
         451            0            0            0
         452            0            0            0
         453            0            0            0
         454            0            0            0
         455            0            0            0
         456            0            0            0
         457            0            0            0
         458            0            0            0
         459            0            0            0
         460            0            0            0
         461            0            0            0
         462            0            0            0
         463            0            0            0
         464            0            0            0
         465            0            0            0
         466            0            0            0
         467            0            0            0
         468            0            0            0
         469            0            0            0
         470            0            0            0
         471            0            0            0
         472            0            0            0
         473            0            0            0
         474            0            0            0
         475            0            0            0
         476            0            0            0
         477            0            0            0
         478            0            0            0
         479            0            0            0
         480            0            0            0
         481            0            0            0
         482            0            0            0
         483            0            0            0
         484            0            0            0
         485            0            0            0
         486            0            0            0
         487            0            0            0
         488            0            0            0
         489            0            0            0
         490            0            0            0
         491            0            0            0
         492            0            0            0
         493            0            0            0
         494            0            0            0
         495            0            0            0
         496            0            0            0
         497            0            0            0
         498            0            0            0
         499            0            0            0

TOT.MUESTRAS        MEDIA:
         500        0.256          3.6      238.468
