    #Muestra numJDBCCount numHTTPCount     numHTTPQ
           0            0            0            0
           1            1            1            0
           2            2            0            0
           3            0            0            0
           4            0            0            0
           5            0            0            0
           6            0            0            0
           7            0            0            0
           8            0            3            0
           9            0            1            0
          10            0            0            0
          11            1            0            0
          12            0            0            0
          13            0            0            0
          14            0            1            0
          15            0            0            0
          16            0            1            0
          17            0            1            0
          18            0            1            1
          19            0            2            0
          20            1            1            0
          21            0            0            0
          22            0            1            0
          23            0            2            0
          24            0            1            0
          25            0            0            0
          26            1            4            0
          27            0            4            0
          28            1            1            0
          29            0            0            0
          30            0            1            0
          31            2            1            0
          32            0            1            0
          33            0            2            0
          34            0            3            0
          35            0            1            0
          36            0            1            6
          37            0            0            0
          38            0            2            0
          39            0            5            0
          40            0            0            0
          41            0            0            0
          42            0            0            0
          43            0            0            0
          44            0            2            0
          45            1            1            0
          46            0            0            0
          47            2            0            0
          48            0            0            0
          49            0            0            0
          50            0            0            0
          51            0            0            0
          52            0            0            0

TOT.MUESTRAS        MEDIA:
          53     0.226415     0.849057     0.132075
