    #Muestra numJDBCCount numHTTPCount     numHTTPQ
           0            1            1            0
           1            1            5            0
           2            0            5           13
           3            0            0            0
           4            3            4            7
           5            0            5            0
           6            3            1            0
           7            2            4            3
           8            4            5            0
           9            2            3            0
          10            1            2            1
          11            2            5            0
          12            0            4            2
          13            1            2            0
          14            1            5            0
          15            0            5            0
          16            0            1            0
          17            3            1            0
          18            0            3            0
          19            0            3            0
          20            1            2            0
          21            1            1            0
          22            2            2            0
          23            0            5            0
          24            2            5            0
          25            2            1            0
          26            0            3            0
          27            1            3            0
          28            0            4            0
          29            4            1            0
          30            1            3            0
          31            1            3            9
          32            0            5            6
          33            1            2            0
          34            0            4            0
          35            1            5            0
          36            1            0            1
          37            0            0            0
          38            2            1            0
          39            0            1            0
          40            0            3            0
          41            2            4            0
          42            0            4            1
          43            0            2            0
          44            0            0            0
          45            0            0            0
          46            0            4            0
          47            1            0            0
          48            0            0            0
          49            0            1            0
          50            0            1            0
          51            0            0            0
          52            0            0            0
          53            0            0            0

TOT.MUESTRAS        MEDIA:
          54      0.87037      2.48148     0.796296
