    #Muestra numJDBCCount numHTTPCount     numHTTPQ
           0            1            5            0
           1            5            5            1
           2            2            1            0
           3            4            5            0
           4            2            5            2
           5            4            5            2
           6            2            5           35
           7            3            5           19
           8            4            5           46
           9            0            3           24
          10            1            5            0
          11            4            5           10
          12            0            5           14
          13            2            5            8
          14            2            5            0
          15            0            4            0
          16            0            5           12
          17            2            5            4
          18            5            5           14
          19            2            5           31
          20            4            5            9
          21            4            1            5
          22            5            5            1
          23            2            2           11
          24            5            5            6
          25            1            2            2
          26            5            5            0
          27            1            5            1
          28            0            3            5
          29            3            5            0
          30            4            0            0
          31            2            5           12
          32            3            5            9
          33            4            5           35
          34            2            5           20
          35            5            5           12
          36            2            5            0
          37            3            5           13
          38            3            5          133
          39            3            5          162
          40            3            5          175
          41            5            5            0
          42            1            2            0
          43            4            5           16
          44            1            5            0
          45            3            2            0
          46            0            5            0
          47            0            5            0
          48            0            0            0
          49            0            1            0
          50            0            0            0
          51            0            0            0
          52            0            0            0
          53            0            0            0

TOT.MUESTRAS        MEDIA:
          54      2.27778      3.90741      15.7222
