10 22502 2516 22502 2516
20 22502 2516 22502 2516
30 22502 2516 22502 2516
40 22502 2516 22502 2516
50 22502 2516 22502 2516
320 6394233 249614 6394233 249614
324 6394233 249614 6394233 249614
328 6394233 249614 6394233 249614
332 6394233 249614 6394233 249614
336 6394233 249614 6394233 249614
340 6394233 249614 6394233 249614
344 6394233 249614 6394233 249614
348 6394233 249614 6394233 249614
352 6394233 249614 6394233 249614
640 82969148 1118495 82969148 1118495
648 82969148 1118495 82969148 1118495
656 82969148 1118495 82969148 1118495
664 82969148 1118495 82969148 1118495
672 82969148 1118495 82969148 1118495
680 82969148 1118495 82969148 1118495
688 82969148 1118495 82969148 1118495
696 82969148 1118495 82969148 1118495
704 82969148 1118495 82969148 1118495
