    #Muestra numJDBCCount numHTTPCount     numHTTPQ
           0            3            5           26
           1            4            5           59
           2            4            5            7
           3            2            5           17
           4            3            5          111
           5            3            5           91
           6            4            5           37
           7            4            5          147
           8            4            5          266
           9            3            5           47
          10            4            5            4
          11            3            5           38
          12            0            5           37
          13            2            5           21
          14            5            5           28
          15            5            5           46
          16            5            5           24
          17            5            5           33
          18            5            5           23
          19            2            5          107
          20            4            5           22
          21            3            5           21
          22            5            5            8
          23            5            2            0
          24            0            5           31
          25            4            5          136
          26            2            5            1
          27            2            5           13
          28            4            5            3
          29            5            4            0
          30            3            5           57
          31            4            5           19
          32            4            5           13
          33            5            5           49
          34            0            5           25
          35            3            5           32
          36            5            5          163
          37            5            2            0
          38            4            5           11
          39            3            5           14
          40            5            5           20
          41            4            5           30
          42            3            4           15
          43            5            5           21
          44            3            5           12
          45            3            5            0
          46            0            2            0
          47            0            0            0
          48            0            0            0
          49            0            5            0
          50            0            0            0
          51            0            2            0
          52            0            0            0
          53            0            0            0
          54            0            0            0

TOT.MUESTRAS        MEDIA:
          55      2.96364          4.2      34.2727
